2889.13732626688
2878.65847216273
2883.10036197386
2881.23656066899
2876.6335523234
2886.11938870552
2887.89567543867
2870.3372723182
2871.45573452081
2876.12551192292
2882.83626747025
2875.12063572393
2888.41710940801
2883.96299570269
2872.85388412715
2876.12311503554
2873.57691667485
2872.44644226344
2870.1718944323
2876.14940826752
2871.20900773142
2871.51836280411
2881.94643865984
2875.85598060781
2877.9880646002
2871.42359488862
2884.97295100336
2880.24414336443
2878.7382290474
2872.68751627517
2871.43221722699
2879.95363346992
2879.04276840454
2868.50173692725
2867.06304024654
2877.46648811111
2866.38510263142
2881.28976532344
2881.43979454636
2882.50447239473
2876.32258120291
2870.49882108199
2874.57061034854
2878.23972157093
2871.89295841359
2870.85841477331
2869.62243882072
2885.72119815519
2870.38740349995
2872.97943396284
2863.81655054364
2873.14036518246
2870.23564619055
2866.45454137684
2858.73438934173
2871.65687262489
2860.47300956433
2876.44562570505
2887.95970259404
2873.00244370432
2881.02023201492
2879.2147696796
2873.33151204325
2860.76014671473
2881.2277416712
2866.48040921312
2876.87394663142
2878.55200082434
2867.7680101968
2874.06452279485
2878.95476149504
2872.59085108754
2869.263276574
2874.64542714445
2863.13213468408
2863.18575098726
2876.50488029101
2882.16227268705
2867.43862376667
2897.5671954216
2855.63176425463
2865.18833349026
2877.5913271228
2868.63994851964
2872.28907147408
2861.06109181486
2868.21351223539
2861.65204553841
2865.76247506096
2885.08152574794
2869.67157929858
2881.66805428516
2856.386195781
2878.92076585699
2880.95906133872
2872.90622241442
2878.0348399932
2877.60754840353
2878.71694521944
2868.24065474954
2871.40054959411
2876.16181607565
2884.98265045975
2876.17895769411
2882.69196253094
2870.17337246671
2876.92343666372
2891.59976348515
2876.06964714382
2868.7023840623
2872.59130206729
2882.14885273344
2887.42557453665
2889.15675851598
2878.88351451952
2876.13605842186
2874.623209113
2876.84638088766
2866.62385742154
2874.67974589983
2873.5036443066
2868.84602088528
2877.96336873176
2878.68284790622
2867.94450419425
2868.74669124952
2872.87217402869
2885.47173063235
2878.17056583202
2864.48208473967
2876.8078060825
2861.63663221009
2873.63516939532
2878.69965605553
2869.45717509505
2876.84883406814
2886.25265153377
2868.00479097697
2879.63851786537
2867.94380722824
2884.91402154381
2878.18490920204
2873.89749390792
2884.35144192575
2880.38993172142
2878.65149001328
2888.78880170864
2888.09560147456
2879.00370459871
2880.7552394418
2880.76609672698
2874.6722229582
2876.13561600576
2885.72121759491
2875.22905206539
2885.40386642888
2879.21912159461
2888.24176728367
2876.19499076339
2886.72515711174
2886.41816436388
2886.44995063531
2880.83544325584
2895.59337465696
2881.71344337752
2880.49344680386
2869.2713600747
2880.67974897793
2886.28440507326
2870.48505061086
2861.57861655735
2863.95618606602
2880.10604673541
2874.25107387153
2880.91457117136
2877.80934461317
2889.65209545752
2882.72119097431
2883.11837430125
2887.19783631902
2880.00827921912
2886.8515457906
2883.14362143191
2878.37613012695
2883.72754597953
2881.71994335104
2881.43378601595
2873.70401080751
2875.42632500482
2885.55597656935
2864.91693823812
2873.50605801352
2875.8907395566
2880.13188370666
2885.36018951932
2883.97769586261
2880.40073571812
2882.69433612532
2893.05152337311
2882.49386421633
