0.000830615452036795	-0.000265054818828859	0.0013872898141957	-0.000100180195164157	0.000270154343892602	-4.09032458037936e-05	0.000366309039715496	-0.000659220953789591	-0.00117733423597378	0.00017129451382166	0.000230899874772404	0.000341356406704661	0.000314289117785932	8.72607944374195e-05	0.000216148368051431	-0.000592673919630403	0.000254861844704732	0.000287569290174246	-0.000605231614539974	-0.000751376027485236	0.00189854807624325	-9.61517754591259e-05	-0.000496177736061364
0.000906314924094877	-0.000346957205094033	0.00141892983560577	-8.66995047060535e-05	0.00027472548666534	9.31064826675059e-06	0.000321268699330097	-0.000626883438351966	-0.00106321479819202	0.000156051208680921	6.32329791708477e-05	0.000322343663802159	0.000302021504065811	5.94055478860548e-05	0.000243119175064929	-0.000542790619321361	0.000249306629123634	0.000297407720014315	-0.000577525689172353	-0.000647739344468198	0.00191054475405172	-0.000117835206247693	-0.000566879829600253
0.000887106956757672	-0.000264003963310627	0.00134264224374694	-4.29318396743614e-05	0.000280610873307007	-2.46001949604633e-05	0.000334842963158242	-0.000614264570971586	-0.00110863652792892	0.000205774654258698	8.07940799377388e-05	0.000292990400835816	0.000352454086425247	4.03784634846386e-05	0.000300147078666198	-0.000531270028885623	0.000217894620556286	0.000319869126073287	-0.000624801881574921	-0.000746938122054337	0.00189544664528429	-0.00011430104800033	-0.000520581131095574
0.000850870084126225	-0.000250530255618074	0.00129807788453708	-0.000160630096565544	0.000283345183554997	-2.49975852566208e-05	0.000293272284081705	-0.000638511332673859	-0.00115443507388205	0.000127192111973949	0.000154787141401648	0.000308148383571069	0.000328162519451656	6.3456700499341e-05	0.000208290504906554	-0.000481195818361548	0.00022556981508343	0.000276781158515844	-0.000422137081632061	-0.00067624806751	0.00191830185979613	-6.07116142197976e-05	-0.000465035613100532
0.000917237255646519	-0.000293919042084991	0.00139217791533453	-0.000115536276786664	0.000320695271576371	-2.07239962897597e-05	0.00027152257144618	-0.000595513779357017	-0.0011624874578824	0.000212081691703669	0.000154928673196433	0.000303122241358204	0.000237549483932568	3.78531495147781e-05	0.000236295575615712	-0.000559918083164643	0.000275650731017421	0.000300402060722747	-0.0005304575179751	-0.000677488409063018	0.00190226464506122	-9.80318914816725e-05	-0.000512535202386091
0.000848884136921448	-0.0003231085145543	0.00139915325544337	-9.94423118985527e-05	0.000251810013145116	-2.44563201629668e-05	0.000285298060403905	-0.000635600688222658	-0.00110327176810728	0.000169894574981812	0.000145127496029763	0.000298936165511297	0.000285271152907996	3.93412156850307e-05	0.000271886750990944	-0.000540446742864085	0.000262161573028952	0.000317972550202338	-0.000494164843009213	-0.000773903525367549	0.00196570773073899	-0.000122668470264238	-0.000472799578596283
0.000823494914775703	-0.000296336033693457	0.00131427598288973	-8.73182563462504e-06	0.000325305946094595	-5.08558582387423e-06	0.000256856404130657	-0.000673874037458161	-0.00114049838473496	0.00016848072185038	0.000177293508571957	0.000276396697570913	0.000298668022875329	4.28740087345993e-05	0.000214340055472067	-0.00053675484586263	0.000298568275759948	0.00030062997927353	-0.000567391117714094	-0.000676338508397395	0.00192923717890074	-6.23173204196307e-05	-0.000515338188319863
0.000864053758017925	-0.000280637033314305	0.00145817875346519	-1.36633410879484e-05	0.000342478956734531	2.54482799781434e-05	1.47942547352045e-05	-0.000552438476301068	-0.00114982228039987	0.000107464527615731	0.000174599828973832	0.00034129682576331	0.000158834930999815	3.79100341200016e-05	0.000239266061390922	-0.000540975812939704	0.000303880919291317	0.000268531136118836	-0.000476450945860658	-0.000584478844407964	0.00170047185784156	-1.19242201498838e-05	-0.000427887747034983
0.000830703696847324	-0.000266231595203649	0.00133080812265267	-0.000108790141148897	0.000313252639598905	-2.00538455858518e-05	0.000290329377690842	-0.000628612525048599	-0.00108648404524575	0.000242878500840945	0.00013534877379951	0.000312618342809581	0.00030096977712683	0.000100745034717324	0.00024402700956921	-0.000619768167125513	0.00034130942580935	0.000304597590275678	-0.000527264651311993	-0.00081036776236581	0.00183895175834146	-5.81849134589446e-05	-0.000518893033609863
0.000855370650743004	-0.00030998453472916	0.00141031272047572	-7.45433614816955e-05	0.000276326894779358	-3.95142738862633e-06	0.000338539989691043	-0.000670778390951433	-0.00112025516234021	0.000156134499370624	0.00013886631142919	0.000292131223176248	0.000346055486665654	1.92108037780998e-05	0.000265333912310176	-0.000573770355258468	0.000309929078525363	0.000372272188696517	-0.000598720408362334	-0.000723290501560289	0.00186998579940827	-0.00011171631922312	-0.000515645488418728
0.000885176056126366	-0.00030089144697091	0.00139487495257391	-8.07097632682832e-05	0.00030743060283184	-0.000139511409309996	0.000322348820434691	-0.000688003495517804	-0.00106625191782806	0.000199074746183929	0.000131910743257889	0.000308649525721525	0.000315796408714559	2.17344772337554e-05	0.000323540173460173	-0.000581862724334721	0.000213131073015855	0.000312919752585939	-0.000555120672300015	-0.00068119356489263	0.00185037868106727	-2.05239844675538e-06	-0.000501691602295073
0.000982970546387819	-0.000302910524248922	0.0013806085301867	-3.14885493366217e-05	0.000413582651127297	7.46183967966788e-05	-6.56023882925046e-05	-0.000570928544987406	-0.00105125806281683	0.00011865975197432	1.78002695325111e-05	0.000267712608386959	0.000343893965342688	0.000137406839863623	9.52258378693109e-05	-0.000514813251463939	0.000124087588653984	0.000416492776845921	-0.000513864542531115	-0.000701598613715498	0.00183305557647764	-9.03363879463293e-05	-0.000517463173873542
0.000856968434899412	-0.000312459770886951	0.00139807739819266	-7.34571270096412e-05	0.000295908740765601	-2.01921889017982e-05	0.000291820825041246	-0.000642598251619518	-0.00112219334223189	0.000159181274227046	0.000137178338768577	0.00029296190052233	0.000319212488521921	7.37725130516169e-06	0.000236922377825273	-0.000556656408109438	0.000298728118661563	0.000333697757954939	-0.000525806403889562	-0.000737791120520214	0.00190746374506293	-5.55196563798401e-05	-0.000494809776798023
0.000806475518689366	-0.000282247701544054	0.00134380976371618	-3.49936930078082e-05	0.000252468518100589	8.4065294438257e-06	0.000359995107392077	-0.00069690294756268	-0.001219564946243	0.000144927240550217	0.000101830545970462	0.000274815124438458	0.000544044285265672	-1.12365684060222e-05	0.000271130446771748	-0.000565161411560131	0.000305620101198108	0.000284853509045971	-0.000767954020497514	-0.000552695427788429	0.00206246682839632	-0.000168766624867631	-0.000541032645168854
0.000929039067136013	-0.000255689081142986	0.00131509096626613	-4.82326812222051e-05	0.000241637005353124	-3.97926286420099e-05	0.000324760440814131	-0.000625144501946607	-0.00109658115248262	0.000242854695146229	0.000134211170510616	0.000287340329163774	0.000155686590186635	2.77414438763719e-05	0.00022861095768072	-0.000567367572959546	0.000276970561160627	0.000328185245468858	-0.000456656529065672	-0.00064360264877173	0.00188967934378899	-7.91411715723148e-05	-0.000513224659123356
0.000839401996799858	-0.000292720804218475	0.00145344168859291	-9.72264584104634e-05	0.0002294726361408	-2.05616369572153e-05	0.000330476285516544	-0.000622008967982756	-0.00102032855738366	0.000168464923932747	0.000142951018429822	0.000309528663064845	0.000311881493993868	-7.91351519747747e-05	0.000273543606510723	-0.000521434535588394	0.000175620545917059	0.000361263015283726	-0.000577603803325766	-0.000740146560900507	0.00189341353071547	-8.1362029480871e-05	-0.000498475034174838
0.00087364523439657	-0.000247423376401576	0.0013777694112704	-8.02662683983041e-05	0.000294502438280104	-4.30890886309657e-06	0.000338625611229707	-0.000804433542374792	-0.00108163782025973	0.000179026214793974	0.000130585804113046	0.00028090158738121	0.000359137156741195	-9.22780158688173e-06	0.000348566454331166	-0.000558585998892153	0.000243448086730319	0.000361465330269742	-0.000569087592601483	-0.000677926373325127	0.00195593411586174	-0.0001750763628158	-0.000505245777577387
0.000866562543036323	-0.000290167644029106	0.00137149184782719	-0.000116193831192405	0.000290548424460679	-5.50456233917614e-05	0.000349872797650421	-0.000727577897783628	-0.00110762849780072	0.000180606495070353	7.39492687137035e-05	0.000322036891520722	0.000337708720835601	0.00011461440188669	0.000242367635405123	-0.000535193456037911	0.000250869285571167	0.000333165083198211	-0.000570663752812165	-0.000703115309084501	0.00194036417086576	-5.48891016223497e-05	-0.000533423318955859
0.000892877581428993	-0.000261885488675202	0.00142969985794991	-9.96504820235324e-05	0.000328381831958764	-1.21509206092541e-05	0.000260351258131768	-0.00061015596917066	-0.00113574485502705	0.000197531639448661	9.36923825492626e-05	0.000295635283191479	0.000327223094707854	3.71917912613532e-05	0.000293098099454456	-0.000680343953139651	0.00033145371448807	0.000357314073692595	-0.00047836323445572	-0.000753170133862237	0.00195048694449933	-0.000248125597057493	-0.000458029227815458
0.000845949071805899	-0.000272665832376811	0.00139228644367246	-5.90979865869617e-05	0.000285374858608326	-1.62056457619133e-05	0.000322682107850619	-0.000649721383612401	-0.0011429981179849	0.000138654678697424	6.62901406357905e-05	0.000361142465152673	0.000270158249971116	8.62848769149403e-05	0.000236659240226073	-0.000585181181807893	0.000307423205299531	0.000289634559313706	-0.000505297031636202	-0.000719431164186808	0.00192388952638989	-9.95110765753545e-05	-0.000505480767367958
0.000842557546486409	-0.000310985540824585	0.00142881171768862	-8.00312845260784e-05	0.000207340138968196	-2.05297170686749e-05	0.000299065704715385	-0.000663863918739829	-0.0011166422962046	0.000174610105838905	0.000149962930476603	0.000282084710160468	0.00036469778029119	8.91830306674771e-05	0.000296922522066536	-0.000563944217332351	0.000304601222090124	0.000347357186531012	-0.00067857822814641	-0.000786600133212084	0.00190418549405823	2.46411046822337e-05	-0.00050730738626784
0.000909469933130596	-0.000288831456137043	0.00138402836147556	-0.000218551361148866	0.000316605851723255	4.15542048715992e-06	0.000296944152906991	-0.000692405325532768	-0.0011888783568978	0.000111600068061162	0.000195175273335607	0.000272384672861778	0.000316505822422725	9.86090780450749e-05	0.000191460824667891	-0.000541478938869156	0.000283470943862252	0.000334837279708798	-0.000450405508326366	-0.000693797447385691	0.00187048678560928	-9.66790436375608e-05	-0.000457694364913766
0.000837328771693781	-0.000388216376644036	0.00142040623234878	-0.00013941318737193	0.000217502469020672	7.62532971428741e-07	0.000271775109686785	-0.000645769049852535	-0.00102604212477037	0.00022098538120818	0.000177648943334388	0.000268744740838307	0.000380319595596296	-7.92795229611619e-06	0.000302376818473117	-0.000506812420293462	0.000266330578080036	0.000358883585769564	-0.000553268556138892	-0.000708781885569369	0.0018411271580598	-5.96195146326479e-05	-0.000545803532879611
0.000897692765290493	-0.000299101460837153	0.00141929670908631	-0.000130268159884356	0.000280383968416822	-2.9600429215536e-05	0.000318892149804496	-0.000659385395032473	-0.00110059160548946	0.000169278676412737	0.000175649392319098	0.000242436474928822	0.000305786621664321	4.2326027499486e-05	0.000218592953496982	-0.000520690580736028	0.00027902335030831	0.000318790132149978	-0.000514719550897808	-0.000728316057141741	0.00189284901643941	-7.60049473773571e-05	-0.000501992311908102
0.000863129710623427	-0.000303633911911091	0.00142823598263311	-9.92829242510595e-05	0.000326677257688496	-0.000117098107359747	0.000328889839913219	-0.000636901815692836	-0.00108667518914423	0.000155101259266897	0.00011580010783232	0.000299757692890424	0.000351497986054627	6.39565234788672e-05	0.00026023662370209	-0.000545704039934499	0.000271201035937561	0.000311553373241246	-0.000572467399955897	-0.000742943912572171	0.00190190344104679	-9.21676688859611e-05	-0.00048011624398575
0.000879661443066004	-0.000208768011261866	0.00143320981029872	-5.98864595734087e-05	0.000331470979804046	-8.27384838921391e-05	0.000309936562035387	-0.000609202294779164	-0.00109505280256381	0.000143614277650593	0.000209564943442203	0.000260699535190699	0.000357633509947758	-0.000124289349955283	0.000302008231078938	-0.000631487555130513	0.000292063174554891	0.000384581622198207	-0.000627216284783245	-0.000701124095502221	0.00189498056281462	-0.000105900849013636	-0.000448999468931393
0.000863187941317678	-0.000320604009383907	0.00139878827862771	-7.54068707767831e-05	0.000284070606851288	-1.93542563625904e-05	0.000319332067156204	-0.000654886724982893	-0.00110229305043109	0.000160452184321867	0.0001329220377939	0.000274725736117247	0.000333046215058003	3.04921531453078e-05	0.00024348233839153	-0.000548864289190768	0.000285330948070561	0.000330438441099338	-0.000539999889897559	-0.000744835709232738	0.00190396742403294	-7.87654247854142e-05	-0.000485398077358678
0.000911130053454195	-0.000278159826706441	0.0014216872151538	-5.014227777304e-05	0.000243738700873163	-1.4477188052258e-05	0.000325030258158027	-0.000595098782005542	-0.00109266047861878	0.000152934466840611	0.000114668334140109	0.00028200753155985	0.000404062660008389	5.439131307266e-05	0.000277241186379984	-0.000588798191479149	0.000314812948185165	0.000309969918363292	-0.000562236721281875	-0.000991012922759943	0.00195982148990303	-9.21368181881955e-05	-0.000514431502926796
0.000778856739782038	-0.00030495206892131	0.0013792517390834	-8.70720235326266e-05	0.000313062959472317	-2.11498082566363e-05	0.000308042598070076	-0.000691325372021888	-0.00106821830484578	0.000175585235284397	0.000120913996826258	0.000310905694073653	0.000346302205244116	1.15348182640669e-05	0.000239075915353722	-0.000550591553742812	0.000269932717050789	0.000296613066034849	-0.000551545520759744	-0.000715081050754848	0.00194523466320857	-2.16900715423343e-05	-0.000493588111004436
0.000921135928165025	-0.000270079372396126	0.0013814304100204	-0.000117069184358533	0.00028728152494263	7.51994527471622e-06	0.000269940579546992	-0.000646811210940936	-0.00117205915863078	0.000127907659228506	0.000129431771344358	0.000263123461731696	0.000316734691551653	4.60580661163142e-05	0.000343735557932	-0.000579421388938661	0.000309936872110431	0.000315272339837754	-0.000528475122435851	-0.000721245596170506	0.00185377575434591	-9.83579141278967e-05	-0.000549630282310798
0.000863910900588473	-0.000259751808772698	0.00139263379500466	-9.40354662395809e-05	0.000304606532975401	-8.37442491643362e-05	0.000296499525483927	-0.000598342692388595	-0.00112853387868589	0.000118278286943795	0.000136466330569409	0.000270084655155112	0.000320275516847491	7.77281348375007e-05	0.000194594145492855	-0.000516892139448625	0.000297392290693935	0.00027420344030405	-0.000538365739572523	-0.000639240304364844	0.00184143464615226	-6.73612906342525e-05	-0.000474470611450006
0.000788350033232597	-0.000298229269002437	0.00136557682160765	-0.000175631006011019	0.000229813900907356	2.56069308601389e-05	0.000225221994385415	-0.000608161838371216	-0.00111265324381382	0.000170965479842644	0.000133529240488659	0.000304077843369258	0.000309725056380969	5.82951775766845e-05	0.00021103106202921	-0.000428931042928729	0.000262517248077981	0.000336813420708246	-0.000481659375548737	-0.000628032775537015	0.00179111930596761	-6.03165556678692e-05	-0.00050320314413697
0.000873977003089535	-0.000272865717292269	0.00136965241939723	-5.84032071544766e-05	0.000317739103684385	3.69870657704807e-05	0.000212859031232535	-0.000673674639117753	-0.00113125239672066	0.000207376320678323	0.000165165740258127	0.000199404557727447	0.000288610395338748	4.9708537367817e-05	0.00026314596849182	-0.000600759250019923	0.000316379332960069	0.000287182948416355	-0.000527604517053343	-0.00078506911623058	0.00194345053035482	-4.86855108171059e-05	-0.000495996085569751
0.000802076593799894	-0.000259043156631072	0.00141104470152416	-6.41480483607695e-05	0.000335834740616742	-3.7431873486268e-06	0.000317409445779369	-0.000694668287693794	-0.00108675097732847	0.000250405730464425	3.63800645800081e-05	0.000343953401384227	0.000352661718444614	9.22843789911002e-05	0.000222792356854836	-0.00049188472604982	0.00028587878401311	0.000294360347500244	-0.000704061020877166	-0.000730836312856481	0.00175648103861171	-3.63999581613487e-05	-0.00046707499822948
0.000816329205892618	-0.000285203386008914	0.00140856992922433	-0.000119135516145599	0.000335616867348985	1.38743488919325e-05	0.00028608735544519	-0.000718509342253452	-0.00113017526142499	0.000166281187051461	0.000129212157152461	0.000324797939246779	0.000413044427983443	7.93394851222382e-05	0.00027070334161999	-0.000670963320170116	0.000302744003460485	0.000356467819188059	-0.000578961921056179	-0.00072538026330504	0.00187286551081435	-7.53259969207502e-05	-0.00050607653510937
0.000874684790503657	-0.000338776976762499	0.00141238285701875	-7.1197240409241e-05	0.000281211633909855	-1.11198748303355e-05	0.000303411925326719	-0.000616338430504107	-0.00106005059286578	0.00020458310370055	0.00017473113084533	0.000257892066822673	0.000350070502322965	4.30259527922466e-06	0.000245896629576765	-0.000528041993205112	0.000285657305590798	0.000289557143981195	-0.000595657971362313	-0.000740650536958674	0.0018956932850367	-9.49650394310592e-05	-0.000479383640427898
0.00092713263551205	-0.000252967618825564	0.000900110194930448	9.71701336991564e-05	0.000300809010949905	-3.35398772279979e-06	0.000273899422151656	-0.000460766446303845	-0.00102671269514761	-0.000344358608825936	-0.000198176348458833	0.000298701188000178	0.000243781479082259	0.000252202433298543	0.000242593662862426	-0.000571567114642296	0.000360770770579641	0.000452194803469674	-0.000394693472963545	-0.000690287896790829	0.00195127032469349	4.87339497822021e-05	-0.000437222449943838
0.000890913698596382	-0.000298331648060597	0.00141729033757888	-5.45579898753214e-05	0.000249875884916337	-1.53589059964849e-05	0.000369074939805748	-0.000607493865455437	-0.00112671119141088	0.000188123967005784	5.43963911460347e-05	0.000318282361015824	0.000341306520816769	9.62688728340423e-06	0.000234913537269732	-0.00051418887792663	0.000175486461758839	0.00028916279055208	-0.000548500148935619	-0.000724463883677306	0.00188663083857525	-6.39160966440936e-05	-0.000457909580629
0.000861867422703875	-0.000291665769488174	0.00139760398212376	-8.37287154199046e-05	0.000287984517192737	-2.49609974442084e-05	0.000301801941372343	-0.000648358095322828	-0.00112551555020669	0.000179362789341983	0.000137769910525652	0.000290494535068863	0.00031439924861116	4.57808522464224e-05	0.000252049614734563	-0.000542649070235802	0.000298281745698045	0.000313845372290686	-0.000544254173269013	-0.000683483726260478	0.00185248258006063	-9.44150146178213e-05	-0.000487152897859839
0.000854601389603981	-0.000283811423326793	0.00140665570806707	-6.2345596771948e-05	0.000257846392552675	1.6576872208101e-06	0.000327509547939534	-0.000666053156786921	-0.00114193893607904	0.000179543999016159	0.000114346632408902	0.000297955762261265	0.000318042965837548	6.19092732702985e-05	0.000245148500089898	-0.000534969863405773	0.000263933101027006	0.000356937393300587	-0.000553787203538147	-0.000700094794672107	0.00187546070557658	-7.10731329076859e-05	-0.000507556586366779
0.000855250814305013	-0.000286199592962993	0.00139132271855726	-5.13025820534116e-05	0.000268510730360792	-4.3154322929352e-05	0.000269589678899819	-0.000612971050626623	-0.00108299141492601	0.000187015339667291	0.000140727429023014	0.000297233536152199	0.000263242428288137	0.000127195598286506	0.000274529126962405	-0.000535664930723924	0.000323580580207112	0.000271144742111603	-0.000653145387659829	-0.000666609172289178	0.00180176601424583	-8.09008602858275e-05	-0.000481394929044197
0.000782846362491543	-0.000361094764872526	0.00148935296692861	-7.44279298557783e-05	0.000376682815464152	-3.62834060674296e-05	0.000220000985970772	-0.00056568654925009	-0.000967330307584195	0.000150876443215883	0.000120462105146975	-0.000175101005858761	0.000278283890263624	0.00016004401149004	0.000210423272222569	-0.000440106749349234	0.000412257387926048	0.000286172720375886	-0.000456848386179922	-0.00069219306188461	0.00199697336544776	-0.000198037051992822	-0.000472909489746026
0.000852182789373666	-0.000293697738259341	0.00142064664766391	-9.82467862949485e-05	0.000260056251567911	-5.37587271240469e-05	0.000364075811837299	-0.000673451545030453	-0.00113312378063924	0.000185840628669561	0.000177933418150783	0.00027148659300359	0.000395210724582191	2.59274749864709e-05	0.000225305247274246	-0.000506473568088179	0.000312081013049755	0.000338359723545887	-0.000552596721193796	-0.000765068704846147	0.00184395389094451	-9.19927173892705e-05	-0.000525382501888947
0.000854597678812253	-0.000338953974681188	0.00144091730045822	-0.000127069842648639	0.00028558741621916	-2.25612795792875e-05	0.000274424862965328	-0.000625663989391538	-0.00111384787359484	0.00016625582060342	0.000145039674314288	0.000306904049722913	0.000302056747918576	3.59305836561851e-05	0.000309365831167144	-0.00056873188364419	0.000269371280732349	0.000280809557218978	-0.000523950119318513	-0.000692342301881074	0.00188406238999	-6.66205361300262e-05	-0.000473567926070445
0.000815660503620765	-0.000258120510764546	0.00146463418124744	-1.91552622837264e-05	0.000179105450150641	1.65120620050844e-05	0.000321258211549938	-0.000723295519445738	-0.00112948718822422	8.16184442958938e-05	0.000185854398292327	0.000327203833889758	0.000374541686571837	-0.000106128639493418	0.000239356609235908	-0.000490495018396571	0.00031825243083261	0.000376372989093372	-0.000518840905854563	-0.000800561467075687	0.00201483654770387	-0.000143298103579347	-0.000567510302491356
0.000850291971890355	-0.000301687142630656	0.00138389871215397	-2.05470175750451e-05	0.000306330863797693	-1.63936173445911e-05	0.000334402009317774	-0.000654924289058493	-0.00114611109268392	0.000140809211716203	0.00016763891114877	0.000312808709912016	0.00032791560087107	4.97297598720576e-05	0.000180946350955498	-0.000530698160802503	0.00028429978661181	0.000318259112116145	-0.000567889201995657	-0.000721935539192617	0.00188733291445371	-9.34772309837621e-05	-0.000566852905637845
0.000822832135894028	-0.000295202110779558	0.00126028267146821	-7.58566033125701e-05	0.000284722279977615	-3.01463952952998e-05	0.000274591856680519	-0.000699670120604556	-0.00111671560803628	0.00014532884541338	0.000123046530316343	0.000310200651767399	0.000372199969080145	0.000121454702090552	0.000311112993218942	-0.000593029659287051	0.000386441409756428	0.000339840496186321	-0.000545469951638088	-0.000880123503579446	0.00199579552713853	-4.71157676819273e-05	-0.000491363033782559
0.000862861849667703	-0.000302691092002057	0.00138382638813122	-6.38035303665826e-05	0.000277678429947345	4.22381951577109e-06	0.000273647131417204	-0.00062275010339345	-0.00111734384273853	0.00015659368926369	0.000122581531623472	0.000278917786082874	0.000325460622131067	4.54138184715739e-05	0.000248738323737971	-0.000550327492721121	0.000285099555278808	0.000323980645314162	-0.000537256070033859	-0.000712678303737527	0.00189088245722745	-7.82302522517372e-05	-0.000504802719273718
0.000845449288916577	-0.000310093353037438	0.00139234693680078	-9.08126261047192e-05	0.000301149616462227	-1.60564784786246e-05	0.000305662784544088	-0.000702616479895128	-0.00109360490593003	0.000137808380316575	0.000134741638298927	0.000287542460789622	0.000340039047435427	-3.44362801934127e-07	0.000273766852961	-0.0005386303434151	0.000289980388292812	0.000324868560466523	-0.000516050365318285	-0.000737583512021162	0.00188581934339328	-9.49616121859702e-05	-0.00048187325125127
0.000824292433303866	-0.000238615649716408	0.00139403151371775	-6.31418268234332e-05	0.000226709774773357	-5.17213313714511e-05	0.000296730320159963	-0.000591614466156868	-0.00113307290696327	0.000168455027492992	0.000138317500030516	0.000303373477644063	0.000301962522429748	-3.17731904538544e-05	0.000221222066220381	-0.000529385587290838	0.000303951294679608	0.000313712190061124	-0.000528437800916229	-0.000736190726581234	0.00193181836645348	-8.93812561648838e-05	-0.000516359983137082
0.000753125519530042	-0.000258288781011325	0.00126413113061722	-3.05134356487669e-05	0.00025849751244492	-1.89171982203088e-05	0.000324575129188432	-0.000624308446397618	-0.00104350823820283	0.0001210038298574	7.19612254812708e-05	0.000342495930230006	0.000234986877021627	-2.99162046067254e-05	0.000212278857292671	-0.000544976727551709	0.000371437362954532	0.000352705739304884	-0.000515481191070391	-0.000772204049091988	0.00194036806363246	7.36138916649143e-05	-0.000565312041956047
0.000890710893404547	-0.000323549490696829	0.00146579802623737	-0.000116087389114624	0.000307986918556904	-3.85542612233621e-06	0.000300216986680522	-0.000655751456204488	-0.0010942128966746	0.000162927967702854	0.000133005118313027	0.000275859401953606	0.000296207524466696	4.23348060874474e-05	0.000304076995954415	-0.000568035047733362	0.000279095886137841	0.00028802914664565	-0.000548477717040244	-0.000735174007643688	0.00186127262404878	-0.000110044461201225	-0.000481027216780087
0.000870743172860958	-0.000273651226851159	0.00138573909888183	-9.25606026970727e-05	0.000301715597759574	-6.32105233072787e-06	0.000256614448096394	-0.000602294489229793	-0.00105869541535299	0.000202067754853841	0.00012713672200578	0.000284788293135057	0.000300818716494199	-9.10075857220827e-06	0.000219963617933763	-0.000518930278153701	0.000289906625785992	0.000288019220307904	-0.00049399904246253	-0.000691140489650937	0.00183339515769653	-0.000137208078009317	-0.000534899595093275
0.000846529685707743	-0.000335203971970828	0.00131951298436562	-2.59040828457859e-05	0.000276617863182142	-4.80124096503626e-06	0.000279747679153177	-0.000608261653583894	-0.00112042937872716	0.000281020502514953	0.000181167958839309	0.000289986664408875	0.000242640727585891	1.99362461485831e-05	0.000130369794326517	-0.000523047735204757	0.000327558735241922	0.000299392356863413	-0.00053118695733993	-0.000726506589867257	0.00190629695672796	-3.63075993541307e-05	-0.00046883429822653
0.000776688949894586	-0.000351799212898717	0.00134584775830647	-5.38927795605814e-05	0.000305669408644888	-4.35485995800634e-05	0.000315402031846641	-0.000629450042215098	-0.000984877518636245	0.000180735757087446	-6.39918253685656e-05	0.000348433130932814	0.000234397504048784	2.90624561779772e-05	0.000287246424105453	-0.000507194715580833	0.000118329833948188	0.00035741194571226	-0.000612177794619213	-0.000633142934474401	0.00174675079071649	0.000235416253579995	-0.000445090975576406
0.000881944021633326	-0.00030407980980432	0.00145939542177974	-0.000172987463574246	0.000288714208535352	-1.2419534468907e-05	0.000287681429301201	-0.000643134695103041	-0.0010963985255694	0.000218997275143665	0.000138346627031924	0.000314893897684417	0.00025191381096596	5.66712504655989e-05	0.000290774890966331	-0.000516659849305917	0.000181163805479659	0.000277870227635006	-0.000494393060335975	-0.00072556978575404	0.00188905362190586	-3.76050821898142e-05	-0.000474326616645813
0.000630338408876678	-0.000188910619836619	0.00150911455953585	7.44868189425529e-05	0.000290667109170576	-2.4807406570726e-05	0.000310698228208986	-0.000564280214836181	-0.00110072016080175	0.000205296227169894	0.000349098603399259	0.000294398121416264	0.000388828196545482	-0.000887950412613023	0.000165138399870256	-0.000483221935934435	0.000428870368955429	0.000323607914098865	-0.000433665097544692	-0.000701184706729021	0.00201961858866996	-1.77900011871784e-05	-0.000497557283037459
0.000879182144317654	-0.000301855238549175	0.00145152758575478	-1.19166748180871e-05	0.000303791136793289	-1.49410690305812e-05	0.000181818389158131	-0.000634946335524383	-0.00105830187266909	0.000297921271198154	0.000142913629027408	0.00032697952093511	0.000369741623615457	5.888090447064e-05	0.000269394370932279	-0.000696834856991617	0.000278572405471966	0.000360913313032486	-0.00060345176591911	-0.000688024453200484	0.00185133255911283	-0.000113416029910772	-0.000606528088359357
0.000836623014586298	-0.000292487564312467	0.00138824873150004	-6.11068426049487e-05	0.000253248369199609	-1.17388169817046e-05	0.000294392801440372	-0.000644855370543256	-0.00112215754072696	0.000170555126847705	0.000112911902768331	0.000279942457968388	0.000312242218117351	4.90576226112557e-05	0.000236846279762495	-0.000506891977342849	0.000294089927706261	0.000323389623492593	-0.000562490572751823	-0.000729030803617607	0.0018987040383595	-9.69345180241598e-05	-0.000498438058616306
0.000863577584565082	-0.000371473355547524	0.00144948319073745	-0.00010665087811716	0.000262498556914237	-1.76360233381432e-05	0.000323850430223603	-0.000556410339153179	-0.00108892270375548	0.000182286579704071	0.000128548232146183	0.000339836453352914	0.000304517411899445	7.22496172281676e-05	0.00027150570407075	-0.000558991747522394	0.000248263774678552	0.000291087523993288	-0.000582623892576049	-0.000722035269384599	0.00183543613971745	-0.000134393740951043	-0.000481045873797282
0.000990513946735811	-0.000427211081237136	0.00140963402951789	-3.71282834041314e-05	0.000291233643307693	1.83614486441345e-05	0.000307296639542412	-0.000716835136443452	-0.00106688630630803	0.000196681595883006	0.000121783937314114	0.000302897841991817	0.0003343623253018	5.62805809830283e-05	0.000273125007120464	-0.000540267737534599	0.000255601390801681	0.00027178139106802	-0.00054704250957503	-0.000728474448211697	0.00183337237788719	-0.000155483871481029	-0.000550434760256815
0.000888812114226136	-0.000315744578796729	0.00138172545390553	-7.50715474252909e-05	0.000277111892071124	1.84421472860454e-05	0.000310048928530084	-0.000658587501289186	-0.00110430779287473	0.000162814278464768	0.000161702465155954	0.000276695207455724	0.000300945515042482	1.11894728540591e-05	0.000252320760312824	-0.000560734727086834	0.000282209380520952	0.000303952662911304	-0.000480808246969666	-0.000701553205683944	0.00186836267227756	-5.64873617640278e-05	-0.00051637590882929
0.00087729251686256	-0.000269723251705381	0.0014478628039972	-5.80638725523438e-05	0.000275989217645681	7.20511744044902e-06	0.000286688198993899	-0.000590354333565697	-0.00109303891708842	0.000145516540896583	-3.36586298659786e-05	0.000265520304405488	0.000135950407527573	0.000118722241331889	0.000306337287717651	-0.000539674068905557	0.00029461480003937	0.00031436828612008	-0.000592485479523255	-0.000688764389203281	0.00197827957072629	-7.98991297599352e-05	-0.000463679940007594
0.000758579971407682	-0.000294299940335432	0.00143863235265808	-0.000159718931098797	0.000279842057512357	4.8815954705385e-05	0.000293734245461492	-0.000552797599059078	-0.0011300278903191	0.000158916984008172	0.000148478513687084	0.000290312578422895	0.000323882162672861	7.67025600040228e-05	0.000252565191378124	-0.00052567299750302	0.000319062614303537	0.00024311512799923	-0.000575848172754721	-0.000735227573099886	0.0018830594278807	-8.323946967247e-05	-0.000537677240874793
0.000823633340278887	-0.000273063911019564	0.00137699628592607	-5.70182678040807e-05	0.000277340715683674	-2.40595197982225e-05	0.000306055159909597	-0.000659624220292949	-0.00108380051022041	0.000145493109766629	0.00015694444338678	0.000322498640982762	0.000324267721010741	3.49871499426484e-05	0.000224261122963252	-0.000544741905168024	0.000291577297244633	0.000329510353505743	-0.000540349378791932	-0.000667347198877418	0.00178662320359402	-5.85135210896529e-05	-0.000496888259677415
0.000851520920216435	-0.000300198589584774	0.00145195971484691	-9.83741397520176e-05	0.000276573183076728	6.92177444447028e-06	0.000293483977428249	-0.000699773195869845	-0.00106993646274741	0.000215301423908866	9.94279626472107e-05	0.000278841764027218	0.000281000085077567	4.22624083759512e-05	0.000266291833625827	-0.000533445209576244	0.000272546250071777	0.000277560849447139	-0.000552772849497198	-0.00069710969374647	0.00187079085100859	-7.85306050812919e-05	-0.000489794433001355
0.000759204064540384	-0.000293043248000434	0.00138849570269209	-0.000114178524028569	0.000293187709204317	5.38933461336621e-06	0.000314780465332625	-0.000666416452035774	-0.00110072672555332	0.000170721338650297	0.000103425310279726	0.000231704367486065	0.000355163201035695	4.10439749033165e-05	0.000311030227467686	-0.00053889288794318	0.000282823920064903	0.000324225196572625	-0.000464567120113238	-0.00072840680188129	0.0019325079362459	-9.82714190826565e-05	-0.000493130960947614
0.000887904950701363	-0.000277722167117142	0.00139078626182111	-2.99891450505661e-05	0.000269620233866412	-4.17668350339077e-05	0.000296614025562407	-0.000626200618117106	-0.00109664254983871	0.000166637258833867	0.000105831080897957	0.000315022031695387	0.000281464303885689	4.87294950345179e-05	0.000209470689734588	-0.000489945833526981	0.000222184654108719	0.000319866387277331	-0.000572618444397379	-0.000728767945043475	0.00191379386784124	-7.35389346841635e-05	-0.000487861177220892
0.000777360087484828	-0.000250059146627845	0.00141519469810595	-0.000123976737640484	0.000259867247080867	-1.52090122791827e-05	0.000322504297624767	-0.000646751526324316	-0.00104351874211415	0.00016862193916969	0.000124651317116677	0.000291802503308609	0.00035621580626691	3.14166935812106e-05	0.000274451544775876	-0.000570343673555665	0.000345471980339384	0.000304175375555982	-0.000590585214602743	-0.000787801356159047	0.00187110629355533	-0.000122886709186718	-0.000465277299874886
0.000849252363240118	-0.000351680812237244	0.00142659500513494	-9.46956461924514e-05	0.000279428062541619	-4.36603148029338e-06	0.000298308510248111	-0.000657389686943993	-0.00109630342234512	0.000145431806744294	0.000107813291058214	0.000344271419490803	0.000347864922995291	6.91870918244498e-07	0.000269688179456573	-0.000564598058613881	0.000258903768958672	0.000344262672885007	-0.000511987804865412	-0.00071987154266375	0.00188000209658999	-8.45376193054455e-05	-0.000456542890145042
0.000871837359167977	-0.000318158734482106	0.00142822296006961	-9.66713716414697e-05	0.000358331624929731	-3.2107772933917e-05	0.000299122664115052	-0.000615690169227291	-0.00107570909960716	0.000202524341475329	0.000130279955073643	0.000283857095015475	0.000332786817793321	6.77630236317912e-05	0.000176622016289779	-0.000549565553402031	0.000294337036400878	0.000253582198588822	-0.000558291587782902	-0.000689951333873702	0.00185190028829716	-8.63642894158675e-05	-0.000523109901872943
0.000764461622439598	-0.000349051064625699	0.0013644288937912	-0.000146758148403579	0.000309997788617461	-4.31315476349231e-06	0.000336337617397376	-0.00062781713779836	-0.000979853143986353	4.56481829920378e-05	9.66830896911714e-05	0.000404807818663785	0.000272793149002715	8.5146398493825e-05	0.000115118509534684	-0.000612378248056276	0.00037283182732602	0.000350391027691849	-0.000596304150838093	-0.000670774147603425	0.00189992504332854	-5.60449684445193e-05	-0.000512190623916547
0.000833750040120231	-0.000285078491860874	0.00141342162174214	-6.45151791742832e-05	0.000258120980519124	-3.5168409541751e-05	0.000301100199368659	-0.000645104356379759	-0.00109780170666608	0.000222677534206895	0.00014788182031495	0.000273946167193082	0.000314034555860667	9.44305185526958e-05	0.00023916927898241	-0.0005212530171284	0.000280055106494126	0.000306838980840543	-0.000543949120134944	-0.000811803488153533	0.00191062669481045	-8.35555309099033e-05	-0.000513293244676494
0.000877847916950152	-0.000284525904331598	0.00144000558282462	-6.95683278217157e-05	0.000292697792607056	-2.84745088275687e-05	0.000296780862061132	-0.000675267518714537	-0.00104547034949508	0.000189573545635078	0.000106843917192502	0.000387451280186902	0.000341147344310259	-0.000129702349501592	0.000263068341285699	-0.0005980255918973	0.000319734754849242	0.000340642281197177	-0.000513084362550448	-0.00068371675925849	0.00189433208862187	-0.000226156375364473	-0.000466535459047473
0.000851630111192704	-0.000292132923630213	0.00137490654696114	-6.01997583909544e-05	0.000286197853807893	-1.24949865392905e-05	0.000268421748912278	-0.000636917367685531	-0.00111135968837645	0.000223080340869482	0.000134473810804728	0.000318749725213232	0.000366335694037055	-4.3300992118418e-05	0.000188946961246583	-0.000555496715151923	0.000288244930072281	0.000314009189343538	-0.000439415586339062	-0.000777066060182421	0.00189088570047332	-6.11682431606163e-05	-0.000505565466485691
0.000809496487935492	-0.000270221101054452	0.00142956048109571	-6.10687622390388e-05	0.000317829493839171	-9.33454640719814e-05	0.000353001502341134	-0.000657717164669125	-0.00113583189477744	0.000107042510816882	0.000105222058608558	0.000259845504339728	0.00032396446958487	3.90298702948398e-06	0.000403158222450575	-0.000635156547380896	0.000307460977356151	0.0003241258649217	-0.000536945924377966	-0.000740072980183748	0.00190164297161873	-8.77568811936834e-05	-0.000492959795842316
0.000843856659966173	-0.000403526187067952	0.00141834821322237	-8.74778191117139e-05	0.000288171214620861	-2.43666849740644e-05	0.000295830451182779	-0.000631479980659713	-0.00105679981594628	0.000166719445425599	0.000192400743356673	0.000273629300527092	0.000349676243819331	8.97930999849379e-05	0.000229684603988951	-0.000545760385179112	0.00030075198369076	0.000332274120679535	-0.000536821128820614	-0.000720606365570888	0.00186750753527922	-0.000142135996417283	-0.000506785201654095
0.000892485665079096	-0.000324260038831383	0.00136659034848119	-0.000138694367312049	0.000260242844350325	-4.08652400784601e-07	0.000351461144933315	-0.000674425258512944	-0.00112110968604504	0.000196669922954925	0.000159312439216438	0.000302920621333582	0.000333681994878445	3.03677254509503e-05	0.000227795819337585	-0.000540329330880508	0.000318079753708952	0.000315602187335419	-0.000592157233014624	-0.000735385223550756	0.00189175747551875	-9.20015024272584e-05	-0.000446812530698797
0.000876583394548214	-0.000282178060604895	0.00144577583400994	-0.000191113132502652	0.000293329663951456	4.17745409966191e-05	0.000191241413725589	-0.000791317315859073	-0.00102387829768837	0.000304636572315355	0.000255142975680525	0.000199980335269034	0.000217190426010054	0.000135681653091977	0.000142499893162993	-0.000544010182415069	0.000369346972880116	0.000179574546624697	-0.000560612870431091	-0.000591981009919822	0.00179777353768679	-6.01553022786034e-05	-0.000510558785945048
0.000923475517101493	-0.000306545877170389	0.00132674751165562	-9.80031953597773e-05	0.000211080223335316	-9.63450910312487e-05	0.000250895799748469	-0.000587767183740186	-0.00117243617237068	0.000194553869900501	0.000163679606283355	0.000289425384404592	0.000339268417067663	4.46365668678395e-05	0.000265096174639402	-0.000551021596005643	0.000256106059139657	0.000300536132349536	-0.00054345627042549	-0.000700810513958356	0.00186497470879178	-4.06534514297742e-05	-0.000486397211091081
0.000855692681776453	-0.000470174120257154	0.00156140021184049	-8.25781895508022e-05	0.000310448351597747	-8.02487473233785e-05	0.000278260218684746	-0.000588345629687457	-0.00113175630106515	0.000150197698127087	0.000164004244771473	0.000193256398369548	0.000301565223572407	4.25519696370167e-05	0.000286416903634561	-0.000523284052564453	0.000388166315334982	0.000350441107962079	-0.000557734570593491	-0.000701354508531516	0.00183719107024764	-0.000142429378667224	-0.0005208841977911
0.000938810075074809	-0.000382136989057404	0.00142238307724262	-1.3263925130994e-05	0.000183912635194077	-1.39373037098206e-05	0.000290426683763429	-0.000621793681367986	-0.00115606797123561	0.000170332259049594	7.21188720013614e-05	0.000267151763177299	0.000300470431992657	4.30113391684343e-05	0.000284883989004687	-0.000586968409383091	0.000301612333251004	0.000375867509484516	-0.000461752885732938	-0.000802897606676527	0.0018261818273437	-4.19961225958616e-06	-0.000428206336225799
0.000850856867006016	-0.000309171885004293	0.00135978075891972	-9.81735834007348e-05	0.00025474443445182	-8.96229138587607e-06	0.000284588112354713	-0.000638025300328482	-0.0011111777637236	0.000196563387083582	0.000101699543766698	0.000269099216688545	0.000341315875021538	6.7150499020195e-05	0.000310244426882379	-0.00056542872443477	0.000286923975677636	0.00028408146361398	-0.000463938914696676	-0.000701945430574126	0.00190738830358847	-0.0001173443226401	-0.000505141752022879
0.000850777221192513	-0.000323718391392311	0.0013547291839751	-8.59816240053176e-05	0.000291043405084044	-2.64455535411988e-05	0.000280633802163471	-0.00059679666413542	-0.00113657143599269	0.00016180309290551	0.00020619187442672	0.000273464630543323	0.000300407835274518	4.31125533904001e-05	0.000255669541344918	-0.00052430884495156	0.00027332405729649	0.000247459682453413	-0.000514264104237933	-0.000754407197782542	0.00191629980243568	-4.73679498075271e-05	-0.000489653098705436
0.000861182675966626	-0.000282209156650951	0.00151742079080011	-0.000144621309995679	0.000328875621158513	3.54456881472617e-06	0.000329265740791058	-0.000665094552801755	-0.00111134878374434	0.000190047230821795	0.000146712494127629	0.00032288255402465	0.000364185430319431	7.1486550151555e-05	0.000261841216995933	-0.000503898231189163	0.000301055295957103	0.000310291173842558	-0.000538508445045347	-0.000765875485353199	0.00194852590526772	-0.000520348108367563	-0.000432222746521867
0.000870018642823472	-0.000272668549921249	0.00145729905765686	-0.000196814780522033	0.000287651685093405	-3.57571115971119e-05	0.000298260986048461	-0.000592814232609007	-0.0011716695262328	0.000145305331176774	0.000180512438015977	0.000315499803076884	0.000339852415762641	-6.28956982225668e-05	0.000281982638633987	-0.000494767805319646	0.000264819640023562	0.000270348128265497	-0.000525863244067292	-0.00080473429055186	0.00195936311296479	-0.000102851821165285	-0.000496141805452351
0.000835394457907453	-0.000269042328000908	0.00100467783875184	5.36705743459435e-05	0.000262824765148733	-1.42782769473065e-05	0.000301520442691457	-0.000677263318885259	-0.00115214565686613	0.000207196377580718	0.000137826118552241	0.000267901485574974	0.000409124895906881	0.000101365660670744	0.000266312223949892	-0.000493111854896594	0.000296480870959465	0.000312053027832671	-0.000361622802999883	-0.000757071209131397	0.00189133493703806	-9.14426314533787e-05	-0.000509165893743827
0.00101249525884597	-0.000311174746972338	0.00126446734381194	-0.000153132958606431	0.000238191736546386	-6.12639749047383e-05	0.000352285030206829	-0.000569027651609746	-0.00112896362734731	9.93944678501495e-05	0.000273844803185434	0.000312880890068695	0.000179569502060314	4.54497871469002e-05	0.000262299461914344	-0.00060902176127667	0.00019137797275762	0.000322039138252654	-0.000438645128233445	-0.000741110696378475	0.00199924178857482	-8.66408854767094e-06	-0.000474205616930262
0.000883732315059147	-0.000289187565630444	0.00135292925181078	2.47918185835343e-05	0.000288074541261225	-1.05006622728017e-05	0.000299000008319523	-0.000603062374093525	-0.00108741402940549	0.000209167506030672	0.000193194093775931	0.000270380680670464	0.000317759220179512	3.25526773147704e-05	0.000197767954644702	-0.00061790106859182	0.00014893224707181	0.000356223449836608	-0.000518657576108544	-0.000733528986164293	0.00190573238327502	-6.02583367816521e-05	-0.000523983781009903
0.000867324149289694	-0.000310072755963011	0.00141263608029063	-5.86123625413561e-05	0.00027525620463264	-2.12903157151923e-06	0.000287181906578009	-0.000644153438993042	-0.00111717253979576	0.000158863987581207	0.000144279105610849	0.000309296601935472	0.000330110339299491	1.18315184652358e-05	0.000246201489516726	-0.000533551692628262	0.000272337450349565	0.000308729918856889	-0.000539849899863986	-0.000705008554847654	0.00186552382206798	-6.63875144172042e-05	-0.00048497323649976
0.000879358256868901	-0.000263039379466637	0.00147567015785424	-7.91767172994334e-05	0.000274069462924456	-5.22696786186525e-06	0.00026494508789522	-0.000568465680836058	-0.00105306484711911	0.000158201462474165	0.000153398927780103	0.000202545331296656	0.000349968250474896	-4.47552546434848e-05	0.00027502273907653	-0.000530937587331813	0.000300735518376343	0.00026619199257065	-0.000544107429616387	-0.000735572524049462	0.00184449396739111	-0.00012325935987943	-0.000472951068518362
0.000824597279400646	-0.00029328652423826	0.0014583814375164	-5.46443761025237e-05	0.000300261393923103	-1.34462281765402e-05	0.000282316643121052	-0.000632847127998415	-0.00108661789067127	0.000177398309842552	0.000117460439445508	0.00027100831730464	0.00031767177483603	4.74207851441012e-06	0.000225935772114428	-0.000506035351170957	0.000272437410986026	0.00029938533608355	-0.000542638959033352	-0.000720412617393895	0.00190622893463852	-7.1360398767712e-05	-0.000485661365033321
0.000907701240877402	-0.000276289909813016	0.00153300900659624	-7.47253556633549e-05	0.000274434663879038	-5.22984011325475e-05	0.000291526103288931	-0.000641567112672389	-0.00109784898256787	0.00017423086043139	0.000178242958287596	0.000281559877755413	0.000376152887164802	-8.69208957072016e-05	0.000156158468425277	-0.000549248227381561	0.000242067516317102	0.000356624677428303	-0.00059052978561522	-0.000716335253105147	0.00176504976559248	-1.44102634413536e-05	-0.000516443191084135
0.000845892394166685	-0.000307048297206049	0.00144648770781985	-0.000104596245980175	0.000261342675780699	-1.54874436424086e-05	0.000313873347017992	-0.00064270074649609	-0.0011420958454183	0.000207817562410743	0.000130041743543233	0.000279269560971949	0.000337717450680878	7.22776442301863e-05	0.000198401063222826	-0.000540701128367156	0.000288643804468326	0.000373267215119666	-0.000550200816764384	-0.000763633944386541	0.00189547492864299	-5.0363394992455e-05	-0.000536904284672878
0.000936644414484698	-0.000341264197092101	0.00138416818902342	-3.52379239492397e-05	0.000301061047563116	-3.64151960501747e-05	0.000314147503705716	-0.000699490207885134	-0.00107623065868168	0.000184549976178013	0.00013729608105738	0.000279455645718954	0.000366913218601408	1.75084380406708e-05	0.000255894591618614	-0.000578889590666987	0.000347854526422248	0.000325261141884978	-0.000558790028342985	-0.000704345285513979	0.00180476704769523	-0.00012429332533251	-0.000499168625477055
0.000831300289917919	-0.000442627248322067	0.00140398809232479	-7.576109730694e-05	0.000288721708063319	-3.35461910953259e-06	0.000307242543267921	-0.000718711818218565	-0.00117786467944737	0.000492227283816884	0.000175945976767472	0.000298687372352136	0.000323664054509054	-5.47726590875604e-05	0.000324378818108473	-0.00060073538953902	0.000346839075986984	0.000300828127666339	-0.000484402353350975	-0.000704034855184371	0.00186261375502861	-0.000100005059217332	-0.000591988050418027
0.000836548901127252	-0.00034038688734316	0.00139995790262608	-4.36400015699854e-05	0.000290293682771003	-1.40831549670412e-05	0.000288778055024373	-0.000632965003352841	-0.00110411180083233	0.000141805897047224	0.000152990348547485	0.000286756653509593	0.000391612885509532	6.0507032825108e-06	0.000254313065670961	-0.000531285157287513	0.000277208413179137	0.000297041704384628	-0.00055398777678763	-0.000756316749134432	0.00190064170599379	-4.35487890343794e-05	-0.000496261835127427
0.000865531846005829	-0.000319513254438799	0.00142876940966184	-8.49793192438029e-05	0.00031391162549502	2.54295846107416e-05	0.000285615171481343	-0.000695015711286107	-0.00110542851074397	0.000181735845739241	9.87029493068023e-05	0.000302509471747953	0.000314598529768356	2.08024929586888e-05	0.000287986833378736	-0.000526424923419059	0.000290385334610632	0.000260942064891817	-0.000518325657608793	-0.00078968675976375	0.00196233548394545	-8.56982964494636e-05	-0.000478326010250586
0.000872709257783869	-0.00031064326235993	0.00133034824102725	-6.02830601391946e-05	0.000290959841591051	-2.7470375196758e-06	0.000302104980219096	-0.000610953492003352	-0.00114017783955009	0.000140587787379165	0.000106626267303072	0.000303333066649712	0.00033938415369415	9.35786498773854e-05	0.000245179993678144	-0.000531130905101968	0.000328665514018883	0.000372782208452728	-0.000531966451274943	-0.000736588409855293	0.00184936922420347	-0.000208149966626862	-0.000483765208305098
0.00106303416343904	-0.000306232069474229	0.000310957491777602	0.000390309248984827	0.000327542220189029	-8.96762868283542e-06	0.000316558818224803	-0.000588498047649044	-0.000960365330330065	0.000270700778268123	0.000175658525716085	0.000369914827978757	0.000635144341787376	0.000267186185867606	0.00030147294407941	-0.000506349729133164	0.000387065894684483	0.000467734690421059	-0.000855791237499893	0.000195108057810331	3.61787884958682e-05	9.25640374282731e-05	-0.000471895342778961
0.00085269715726037	-0.000337380351097727	0.00139980875325069	-6.69184595262652e-05	0.000323834531387135	5.95619224425632e-07	0.00019122508784222	-0.000616187037585679	-0.00112925737013273	0.000142060409388671	0.000148529169065059	0.000300990159442392	0.000325308454933129	4.36667310060098e-05	0.000275897119749894	-0.000514166008849552	0.000342245858637217	0.00030662315053696	-0.000572128390482282	-0.000733927907061258	0.00190586664274859	-9.12598135703893e-05	-0.000487071642319016
0.000876626825975781	-0.000349816269344354	0.00136736969766625	-1.99835116004301e-05	0.000299681916019908	1.22413750066944e-05	0.000294727729018376	-0.000762563735746463	-0.00114399917531244	0.000136516600920217	0.000167655795029524	0.000264802328968534	0.000361173061325611	6.93468586969051e-05	0.000313530048539087	-0.000576560988806943	0.000288607265189338	0.000338584559652604	-0.000496505975155944	-0.000759517477443459	0.00188663709029499	-7.50676999042594e-05	-0.000505403343816623
0.000890604305124491	-0.00034886477366872	0.00142372422085293	-3.9728935719114e-05	0.000308961548790054	-5.85361864325289e-05	0.000254236946988589	-0.000713824777248746	-0.00111587328294197	0.000180753775541367	0.000158105287008144	0.000276534254072709	0.000288756030854979	9.36748332327017e-05	0.000168727218554947	-0.000547224713217086	0.000260661646592262	0.000367352040378601	-0.000557733103929537	-0.000743019299595651	0.00193685035598977	-4.65679685571888e-05	-0.000483156906882394
0.000712741410034673	-0.00035120610718063	0.00138996878553601	-6.76403982736542e-05	0.000309181256947453	-4.69250558528324e-05	0.000312009238394298	-0.000654594478672376	-0.00108439264892865	0.000196113950583575	0.0001109589419716	0.000237589299432427	0.000328706955153273	0.000123541594644916	0.000246423949927694	-0.000492215182995794	0.000293412325353382	0.000359936323493001	-0.000544274984167716	-0.000730439750984853	0.00192821375477726	-9.72404067437149e-05	-0.000497501713375117
0.000794374186494607	-0.00032479416175598	0.00139203659786446	-0.00010402003719459	0.000345366367195767	-7.67602325891126e-06	0.000235417527109275	-0.000684389993408509	-0.00105917247999532	0.00013980027499746	9.1112555183471e-05	0.000326872665821604	0.000326026026619519	8.52895018981681e-05	0.000234918940463106	-0.000586019961957584	0.000300564358427137	0.000305423710686512	-0.000505916089077622	-0.000623949899356822	0.00183076901841415	-7.9024323911627e-05	-0.000474785656033613
0.000894884920906712	-0.000169134079994947	0.0012250905170968	-9.94634264109568e-05	0.00017116989044953	2.0407026590215e-05	0.000364371795074585	-0.000627552668716045	-0.00103986664557889	0.000199327474545475	9.97357150873433e-05	0.000203379571736905	0.000330963970380397	8.7246713233834e-05	0.000267314100191625	-0.00050792787562113	0.000252973949348525	0.000378085559031367	-0.000526277115157159	-0.000773371814828396	0.0018696523832773	-5.14864835346014e-05	-0.000495368355281731
0.000885334844624163	-0.000228650992405407	0.00138673284073779	-7.23222445129819e-05	0.000184419165010054	4.83566170516659e-06	0.000363520317088625	-0.000686853733486503	-0.00108524525461512	0.000179486407272081	0.000132388296667634	0.000191225246130403	0.000423016612140625	6.37420474086025e-05	0.000246623747130274	-0.00050536031313549	0.000300180999932545	0.000346389880087205	-0.000535374600321023	-0.000791101066175255	0.00170033775879125	-6.26434604627586e-05	-0.000498983524905886
0.00077383431465105	-0.00034772876444588	0.00132387668286739	5.92731908899405e-05	0.00019873171444744	-5.22541574038062e-05	0.000373230023915717	-0.00049798918685917	-0.00111134178778072	0.000129557815853653	0.000279236919089982	0.000412977835751435	0.000301095692627819	6.56334654319941e-05	6.00114894512962e-05	-0.000604226199625717	0.000332460137967256	0.000379966237409512	-0.000544012037062148	-0.00102097827768351	0.00201897269244285	-4.94947738280403e-05	-0.000631634158998394
0.000852123900406814	-0.000264384865778909	0.0013198235490491	-9.6447551008852e-05	0.000260816049149789	-2.25882364173996e-05	0.000289284903335414	-0.000665494924167892	-0.00111255408075691	0.000210328151875393	0.00014575480541947	0.000286599526843898	0.00030889140244369	6.9023360061821e-05	0.00026797529530697	-0.00060322872822244	0.000313722143689008	0.000327021967652961	-0.000524259817470975	-0.000728833715672807	0.00189148868600425	-2.73688158352988e-05	-0.000518423516872143
0.000871473005627274	-0.000307424537692677	0.00142550426768092	-6.56256288064241e-05	0.000318054483228715	-4.61757493242964e-05	0.000333829283748446	-0.000598912840032833	-0.00110331318146807	3.89026665378238e-05	2.69541195255949e-05	0.000318244480049021	0.000346409726869449	3.87655196865919e-05	0.000247929112685131	-0.000605700533227432	0.00029916663174704	0.000404084493329449	-0.000518974215134721	-0.000789759537163276	0.00196330265464772	-5.8718983455979e-05	-0.000517608016894507
0.000885223599188062	-0.000238917998427893	0.00141200870566306	-3.01334854747477e-05	0.000307480082806877	-9.54956176459839e-06	0.000282898625350139	-0.000655512304584287	-0.00113185178862244	0.000191592850919071	0.000162895021365287	0.000251328508979026	0.000281418344260586	-7.02308436564287e-05	0.000235000290037774	-0.000585517770262539	0.000292808648776532	0.000338117191695764	-0.000540696160421889	-0.000685521954003058	0.00189057932372268	-0.000132315609504937	-0.000481468334015381
0.00098359429684994	-0.00027937401829067	0.00146776474606494	-0.000123932026391238	0.000295023919779119	-3.74919931903487e-06	0.000342108541203433	-0.000644215249974325	-0.00121924230653782	0.000185836244344591	0.00014228169814999	0.000295984755639257	0.000324712296458819	7.62597130851183e-05	0.000241523523733067	-0.00058205939580858	0.000199859998579676	0.000246018581485853	-0.000614184447938111	-0.000813047805068924	0.00199313588636839	-8.88455936615231e-05	-0.00046625019982156
0.00086275438935636	-0.000297712940651669	0.00142661491687796	-7.54788902127125e-05	0.000272792463380771	2.62624802619776e-06	0.000314840683333285	-0.000613845709830463	-0.00115480000559562	0.000175414610264611	0.000120507446415884	0.000265476077661848	0.000341103131495311	1.23831816136896e-05	0.000253371741577014	-0.000555058386568462	0.000315520779738678	0.000318986214309457	-0.000564185590948771	-0.000720063047898514	0.00182612491833012	-9.65718476566334e-05	-0.000470001331788694
0.000872113619340426	-0.000308526236689019	0.00138242635072181	-5.82065210025414e-05	0.000286692039121064	-2.22492896141783e-05	0.000294066095276504	-0.00064971846626246	-0.00110792391411923	0.000159361795273629	0.00013953944347481	0.000288932747770793	0.000327083143826881	4.5663746195734e-05	0.000249758075357255	-0.000544387253420855	0.000277892181078862	0.000321857543022604	-0.000539484052952219	-0.000733962236166651	0.00188129605138949	-8.50797926916106e-05	-0.000520204294429865
0.000852298601756086	-0.000249871823622851	0.00137699168787275	-7.73044065177976e-05	0.000266493945114566	1.61684725499728e-05	0.000291784321506782	-0.000608227485500242	-0.0011107341976055	0.000162449770190606	0.00012584981735721	0.00031126401155509	0.000307253841574568	3.04437397550838e-05	0.000226333733000832	-0.000543395981443103	0.000296034372818392	0.000345153390886226	-0.000596495383501106	-0.000805070473964264	0.00195700448046478	-9.47260574579222e-05	-0.000497821267793109
0.000891424515257237	-0.000312667230781661	0.00138624560620983	-1.11158240095879e-05	0.000329877205777924	-3.56176314592403e-05	0.000377811774598447	-0.000737522724855425	-0.00111872569919966	7.60371568545799e-05	0.00010482871023826	0.000356285714521224	0.00041313842379823	1.81583961822106e-05	0.000203160915729696	-0.000519341759301188	0.000315690232851189	0.000339185431484779	-0.000496668049103394	-0.00067538591763276	0.00179591517744074	-8.93935872115522e-05	-0.000659381903781685
0.000781635914863112	-0.00030758429850183	0.00136755179467312	-0.000194809159733499	0.000259023152562608	-2.77660363338848e-05	0.000314884926518585	-0.000588060520989874	-0.0010583091465631	0.000199603755130927	0.000148589167547753	0.000396545920668126	0.000368162482869074	8.29316794095354e-05	0.000208867172710189	-0.000499652479213156	0.000415667322618273	0.000286969741561527	-0.000564233870606119	-0.000737712119742303	0.00187585543271292	-0.00015961566721042	-0.000580143385680467
0.000871674938188009	-0.000334345313768875	0.00133125516625801	-9.83709665979863e-05	0.000288601426425705	-4.81827896407826e-05	0.000287143893249375	-0.000638423499943655	-0.00106283489510542	0.000217367670589107	0.000141005463143173	0.000296648905869284	0.000334155283386849	6.82557463919248e-05	0.00030068517072232	-0.000611988898603128	0.000328701842533384	0.000285104154399854	-0.000519041962814376	-0.000800463598562828	0.00190210626874358	-5.08609917078277e-05	-0.000462531913532266
0.000889123296301928	-0.000254638508601038	0.00139360647766508	-7.6199143960821e-05	0.000307612828830617	-4.86244215252152e-05	0.000302874189422868	-0.000659741441012759	-0.00110162779937108	0.00018663170327399	0.000115197586487002	0.000208497040403429	0.000285399921315	8.11304258769113e-05	0.000217919762240127	-0.000564140189241225	0.000196907176601609	0.000327205893717939	-0.000546745933276519	-0.000784302350949516	0.00198001839377446	2.17686626562347e-06	-0.000462651099322578
0.000888076726033737	-0.000346343025187655	0.00139966154597801	-4.94688743480094e-05	0.000294687383546429	-1.85138738271586e-05	0.000268748766526008	-0.00065574894874352	-0.00107368328966173	0.000147502697030548	0.000140328796374224	0.000282437680979077	0.000331626826091876	-1.89015523261742e-05	0.000283491251727204	-0.000547321193961331	0.000302475735186125	0.000306206051236293	-0.000560073966856487	-0.000727323294474364	0.00187198952251213	-6.61473708770964e-05	-0.000491814464558924
0.000871599405512165	-0.00032219566442159	0.00138522351472559	-4.06256168994067e-05	0.000282560316770522	-2.07725548582949e-06	0.000294529631041486	-0.000653679209066895	-0.00106570178341994	0.000173586760648136	0.000185952453597394	0.000244226215033235	0.000306852914512225	4.23948073403624e-05	0.000301636492364974	-0.000556978481469793	0.00028221075329289	0.000361887469369281	-0.000650889311601547	-0.000700359876361003	0.00184482644333666	-0.000156083254877679	-0.000488958121584711
0.000943398956669212	-0.000270026123734079	0.00145485158188101	-0.00016014762606889	0.000261755969194263	-3.12108055266205e-05	0.000364858045165011	-0.000573677126974642	-0.00115203894900532	-2.46392294429357e-05	7.206694293736e-05	0.000387696457603269	0.0002378419445274	0.000147151369549217	0.000234993676367681	-0.000545805734705321	0.000337563600881289	0.000364648655487081	-0.000523411932921711	-0.000687183447356586	0.00182456867059388	-0.000256184463367406	-0.000478333954350933
0.0009004613572084	-0.000252797435414764	0.00140972971817427	-2.39072410539134e-05	0.000242576955340897	-3.79192347938107e-05	0.000330639942188355	-0.000641589089986259	-0.00112549971974485	0.00018486348532536	0.000101246429153069	0.000283872492180566	0.000357612793729441	3.63762159733673e-05	0.000282679450930998	-0.000513370349173919	0.000282225065874154	0.000239139103799217	-0.000533907234119551	-0.000709708524926815	0.00184225779412774	-6.27404624477889e-05	-0.000542898598792111
0.000872506238383001	-0.000283172022777614	0.00138993688506999	-0.000143814245937687	0.000306554298478676	-1.51591931245032e-05	0.000282239015084811	-0.000725379603323048	-0.00104284513852349	0.000170307792154032	0.000169138821384637	0.000228431690603338	0.000288426885287104	6.54348482950773e-05	0.000255550851418438	-0.00052687950334798	0.000313309249354718	0.000307640581677274	-0.00058834818065138	-0.000704118353621157	0.00188244403174781	-5.14148323134403e-05	-0.000520037432758142
0.000638844626469877	-0.000201581670329518	0.00134295669564203	5.67398287973911e-06	0.000299375073780123	1.27600368073811e-05	0.000191885886014137	-0.000689594334629666	-0.00105537204290948	0.000162203289469872	0.000146170420340647	0.000351971229006826	0.000319518232661671	1.38313026405792e-05	0.000209926442116942	-0.000539968567688404	0.000334614873605027	0.000310706438439267	-0.00040388702054646	-0.000751125621614765	0.00192957030340157	-0.000218593933454983	-0.000479247001538791
0.000839244677673926	-0.000239754037764696	0.00154040174519903	-0.000110579162197881	0.000317837051582797	-1.11776231968659e-05	0.000293612719186454	-0.000600392701090553	-0.00117838793669836	0.000149400686868713	0.000151758345626768	0.00018884965424547	0.000362258321535452	5.60708974479262e-05	0.000178176412336766	-0.000464347590681127	5.80867600189306e-05	0.000311463637241389	-0.000486776353826783	-0.000593996714234738	0.00173461770110411	-3.46712857419882e-05	-0.000411781410332274
0.000927231251483751	-0.000317948303509371	0.00143695877065614	-9.02847471570931e-05	0.000233411253023376	-3.7865306987367e-06	0.000296532553638819	-0.000644814132677931	-0.00115257228300154	0.000190381096275345	0.000119854343466334	0.000323374971289441	0.000300368681614224	3.67898374786116e-05	0.000222907481282606	-0.000545750289770282	0.000281832574457923	0.000359627320062461	-0.000591430609040672	-0.000850122341944161	0.00209563936759819	-8.52044450361837e-05	-0.00052126881924269
0.000891303165416833	-0.000325581213492501	0.00140799612739927	-7.98057642875148e-05	0.000281329066079184	-1.48368438490618e-06	0.000297888161695434	-0.00063232868429442	-0.00110187710777564	0.000162294705502808	0.000119051639368732	0.000304840628478894	0.000323259764114442	4.55385933978449e-06	0.000246700503562327	-0.000554234955254433	0.000290178244854974	0.000323908174563361	-0.000522042548555989	-0.00073999534678801	0.00185725709971507	-7.17062028851468e-05	-0.000477331950378312
0.000890419828754895	-0.000364878107807552	0.00142416787812222	-4.30500453817276e-05	0.000257761934650916	-1.14848173502335e-05	0.000371555988666917	-0.000759834843773264	-0.00106086703006755	0.000190726629924766	2.46024593066044e-05	0.000210383370973179	0.000343910088801602	-6.0250635710687e-05	0.000260314716117198	-0.000494082476346257	0.000303038256339759	0.000374607527485016	-0.000473705266556992	-0.00086188670730724	0.00199277031538187	-2.04117575581626e-05	-0.00043987417131019
0.000885408460603576	-0.000259339110734093	0.00138540990593386	-9.84762308383365e-05	0.000313240892008196	-5.41162931432164e-05	0.000297257740758648	-0.000640319336557311	-0.00108150534317964	0.000199800150084355	0.000130858872494135	0.000275448476593915	0.000313474207212651	4.27835283215573e-05	0.00026678317064434	-0.000504596207195323	0.000189326263228631	0.000319715818256045	-0.000591977620535315	-0.000792527465608197	0.00190859634701138	-8.59681091147613e-05	-0.000485519389126847
0.000866318718703905	-0.000306152348785564	0.0014050535396451	-9.62397598091177e-05	0.000275214247823303	-2.69953436461838e-05	0.000303841150880517	-0.00057829592451276	-0.00114662573220882	0.000164222109301545	0.000155518907530085	0.000309803760523743	0.000326154367649413	-2.18327029930932e-05	0.000281957605446009	-0.000559940678690637	0.000277918738026446	0.000338628182148908	-0.00051724610980533	-0.000732510805021485	0.00188095265689068	-7.2949575023214e-05	-0.000516349140419255
0.000926656956043579	-0.000361652776899684	0.00143334143233122	2.98163483901895e-05	0.000303310306235678	-4.42858730248336e-05	0.000310021596552349	-0.000654604030025113	-0.00110660930318847	2.06601377521247e-05	8.74039631260641e-05	0.000283479392235122	0.000319071319571908	7.20796198899004e-05	0.000214471083842021	-0.000546685529008486	0.000316397455700323	0.000236969824399675	-0.000484288106316524	-0.00076267199716856	0.00193631913554822	-5.15558909907557e-05	-0.000494860790568768
0.000892811650866007	-0.000282698113244655	0.00124573901097647	6.43029046706725e-05	0.000342330319369052	-1.81528303125112e-05	0.000349029284402765	-0.000676243537101825	-0.0010481464474358	-5.09511065359828e-05	0.000142987327892078	0.00028857729899127	0.000361560132148361	-9.24548171954928e-06	0.000247228309945235	-0.00053613103313497	0.000278646819669739	0.000340841475128023	-0.000501603682898276	-0.000775369489532164	0.00189315289522205	-6.76950168295301e-05	-0.000487559554382989
0.000830025943984989	-0.000338940179614325	0.00140044064040993	-5.74599069627391e-05	0.000259962134955473	-3.16557644407971e-05	0.000305634868101395	-0.00062134760356656	-0.00110876597156904	0.000163920043609435	0.000116351849589721	0.000323218389769083	0.000347066488149284	5.42104582362106e-05	0.000268037362223659	-0.000520424851489953	0.000303030014489467	0.000318553219562639	-0.000524418105274911	-0.0007727942035194	0.00187909420412537	-8.03269046499427e-05	-0.000520341038271607
0.000854653358518306	-0.000274450370550514	0.00137588468529173	-9.99173514835155e-05	0.000256701973525735	9.86817357501597e-06	0.000288362503797031	-0.00074191698356433	-0.00116350891544829	0.000250771723244055	0.000149029941712261	0.000325354345586129	0.000266883761716552	3.27224015560139e-05	0.000288950049998555	-0.000582148739084937	0.000344246615329513	0.000330881666263913	-0.00056683505266843	-0.000724303301017713	0.00188882279274618	-4.10544347150448e-05	-0.000494080752272737
0.000879144951357918	-0.00030118130832464	0.00146510264547278	-3.55016981064437e-05	0.000283820399914239	-2.10932711749803e-05	0.000302033932080788	-0.000635913326029711	-0.00112058731581151	0.000210718885261308	5.52119344508196e-05	0.000279271391866314	0.000277115294674538	-1.97054393441988e-05	0.000220228397938682	-0.000584017557590503	0.000293933973581777	0.000361141640496363	-0.000527615083716449	-0.000724462556169072	0.00188697641376001	-2.35876942665091e-05	-0.000497391326719848
0.000859292793163973	-0.000279855842767167	0.00143529264254302	-0.000183928022490249	0.00029557137817327	-2.50104222914514e-05	0.000291212766611995	-0.00062130411337083	-0.00112742201997401	0.000166206495072652	0.00012248946206324	0.000274043807421915	0.000327060914102762	9.09441205956586e-05	0.000202780198876656	-0.00056179878187536	0.000298339605458803	0.000349674170572409	-0.000539577376722565	-0.000714396728412468	0.00187174229264765	-6.14455523157807e-05	-0.000495966005523296
0.000857468986410141	-0.000265304827686509	0.00134226874652607	5.24497731040879e-05	0.000315856658134032	2.72036244476825e-05	0.000297190707652745	-0.000610805847061606	-0.000983783450573876	0.000187703793876322	3.93060551308839e-05	4.15382330592236e-05	0.000459771949548863	-3.93813523072965e-06	0.000315960750083954	-0.0005225380628426	0.00021857947755683	0.000311913326161643	-0.000488586431337389	-0.000918470748932218	0.00176885268842939	-5.24213062355297e-06	-0.000395923681453251
0.000883538549605718	-0.000258661680859447	0.00137561416586763	-5.68521755264213e-05	0.000307013396484028	-7.80451103680571e-06	0.000292443897999231	-0.000661650283224682	-0.00112906109130166	0.000159050542963434	0.00011816170145594	0.000299944260490601	0.000317111339735716	5.72057292811082e-05	0.000218265609200562	-0.000519312411294725	0.00027032286705617	0.000343987923858929	-0.000569361811216262	-0.000743102664138079	0.00188710902222607	-8.91412635594901e-05	-0.000506534019799948
0.000876242307511618	-0.000346782022645679	0.00141579674591859	-4.69257403802246e-05	0.000170966669935355	2.55765918879788e-05	0.000392811100946526	-0.000782048074309117	-0.00115284739753244	0.000178645867335566	9.71686729642044e-05	0.00027211057081608	0.000346359813433167	8.78793358516318e-05	0.000291500458146963	-0.000553814788505783	0.000339210511915463	0.000320956057047378	-0.00057422411030214	-0.000729246273207052	0.00193702972550963	-7.23380088804535e-05	-0.000438909200358402
0.000837009817462431	-0.000316630642834904	0.00140754056323217	-7.28399935420622e-05	0.000320043650802375	-6.53688140958992e-05	0.000308286125281538	-0.000631445750913912	-0.00109330131247538	0.000181401725483924	0.000138446833406026	0.000277554827342427	0.000338528140009632	3.01512452600309e-05	0.000251444159053062	-0.000561374400400185	0.000295082633668865	0.000326030117846755	-0.000557682962946744	-0.000714465580866514	0.00188825559763892	-6.53815232889857e-05	-0.000501579078143184
0.000821643038443961	-0.000244691150880782	0.00138556573806944	9.13820851667879e-05	0.000290739102757317	-5.88444160781797e-06	0.000253414617659034	-0.000637471710816264	-0.00112413265387342	9.52062995381918e-05	7.48913622393374e-05	0.000278933249856125	0.000343326268097281	8.54328191461122e-05	0.000202894107250627	-0.000549939344360648	0.000198586434947941	0.000294147225607048	-0.000572511010101271	-0.000724282168678633	0.00187797413393645	-0.000114154417783711	-0.00031523643986225
0.000930939262593209	-0.000275164671502052	0.00134803296522517	-8.18487419515964e-05	0.000300191795305621	9.85988061875927e-06	0.000269155962771127	-0.000568322936358852	-0.00107274009701023	0.000229276886881571	0.000113807998129121	0.0002567029143514	0.000342657109374812	-3.76158030283339e-05	0.000149424382279272	-0.000500558669156426	0.000314605675892887	0.000352207254373255	-0.000585553132972432	-0.000744975425382265	0.00190135451094859	-6.90683152758538e-05	-0.000556404754220077
0.000822555937142722	-0.000320004370537101	0.00135700445145681	-6.63967984594047e-05	0.000282537378914133	-6.76113217364706e-06	0.000339193643367441	-0.000646096064187763	-0.00112210469856486	0.000161666755227923	0.000142975598202873	0.000305549524700153	0.000289547916662662	6.36229999051388e-05	0.00027391401758726	-0.000538793194589278	0.000320553170660072	0.000312654016796209	-0.000585305768559103	-0.000707889583400598	0.00189292200413992	-7.35282853796053e-05	-0.000503514874049668
0.000841608977354561	-0.000287301433332872	0.00139727541359906	-2.11814507111704e-05	0.000275456585530418	-1.33587550332525e-05	0.00029709593763414	-0.000612498049272868	-0.00109682325036312	0.000173283862464455	0.000135634194609515	0.000317977804442351	0.000317350913028873	7.71463917131315e-06	0.000228304952513525	-0.000544918512134698	0.000253824835865228	0.000335729044108395	-0.000562156407317255	-0.00072067399889886	0.00188868199324711	-8.23138664579877e-05	-0.000521757566629301
0.00089674417977106	-0.000244659305737801	0.00137739073464489	-5.29180630256653e-05	0.000241718748853749	3.1331657327296e-05	0.000298776510287854	-0.000661776239348781	-0.00118931155960487	0.000226457745314395	0.000118761869216936	0.000268004469365995	0.000286487997148084	8.55470546802594e-05	0.00024611532099413	-0.000613420584616703	0.000305551991854565	0.000343627642055263	-0.000528889921724858	-0.000787508896766228	0.00193477639623999	-0.000149749135034974	-0.000553488222716964
0.000877672225536132	-0.000298991534482597	0.00139428932304458	-6.66910682863865e-05	0.000288595859515647	-2.28863126526316e-05	0.000284859388090216	-0.00065114422934568	-0.00114415862406062	0.000152799762637142	0.000133336443949316	0.000307540246630777	0.000337847051841129	3.69649467818527e-05	0.00025535428708257	-0.000519101601825622	0.000257362850158684	0.000321295878788481	-0.000548621446364022	-0.000727205469355898	0.0018934886147944	-7.90052954004209e-05	-0.000499742491188498
0.000855363016077016	-0.000290029066705858	0.00142123748359997	-7.38206891565808e-05	0.000249361378973625	1.88408079582665e-05	0.000267835519388626	-0.000653011432646979	-0.00112502247382498	0.000163992721290792	0.000123539955566661	0.000264337959598298	0.00032929254293792	4.47764779015584e-05	0.000240410882621466	-0.000548446282692813	0.00030301555725643	0.000340643948314429	-0.000567871741232549	-0.000727952186638302	0.00187035494445682	-7.58955917555404e-05	-0.000479810579130497
0.000849874827169292	-0.000277087785818427	0.00139970385812809	-8.46166252549987e-05	0.00031026483481471	-1.57489927760255e-05	0.000298564332386249	-0.000591229638249354	-0.00104429254754551	0.000127561982913817	9.83041584558469e-05	0.000348999274390573	0.000285401020247984	4.59966155398747e-05	0.000307706362730779	-0.00055540816236527	0.000270087506605083	7.48431816021815e-05	-0.000521477638515531	-0.000718404021284937	0.00191666811448071	-4.03753324568892e-05	-0.000487748018791679
0.000826362456817975	-0.000308435865177557	0.00139197211221159	-8.32650415526689e-05	0.000285356675917001	-2.71742452393684e-06	0.000268231561998472	-0.000640106473323311	-0.00109963357501124	0.000189993643281055	0.00013003071249393	0.000280444303645378	0.000306684360029177	3.88217608223321e-05	0.00024556537993638	-0.000535767444371031	0.000319320746136318	0.000354479098827178	-0.000525936619714613	-0.000721658526951958	0.00187029362152533	-0.000135683301641547	-0.000494648220475999
0.000878373334298622	-0.000294986341028347	0.00141010731744573	-5.67484108352932e-05	0.00029111985800206	-7.9018573541285e-06	0.000299700391610885	-0.000617744821090886	-0.00110136828602963	0.000166593594309343	0.000123430761583654	0.00019903365777027	0.000347481300270873	7.51944391704254e-05	0.000224231961354225	-0.000508897591241376	0.000293779331084797	0.000305794904779295	-0.000519912366455868	-0.00073775095042946	0.00180755329843521	-8.3171013405371e-05	-0.00048565751807935
0.000878741623094645	-0.000308594491291869	0.00140794561217431	-7.26818657272632e-05	0.000275385086982039	5.46153636511764e-05	0.000251512380654898	-0.000666058416003819	-0.00111051250045357	0.000207818990288937	0.000121593501229274	0.000143319035776283	0.000293252518016718	-2.58590565635615e-07	0.000252638645832464	-0.000520653917057485	0.000322172976669009	0.000307577090952618	-0.000500928139007438	-0.000706266194106879	0.00196157307425916	-0.000103524202857961	-0.000496243165431325
0.000861854935262155	-0.000344192878492219	0.00142814749145918	-6.89770899341575e-05	0.000315875060969877	-8.22137435040369e-06	0.000203716081037121	-0.000664174304010442	-0.00111842679082099	0.000180502002119692	0.000108618185821805	0.000268347551533035	0.00037877083981603	1.43162898925418e-05	0.000232187394621462	-0.000553876982238647	0.000277909462118941	0.000293445378264788	-0.000535701920835562	-0.000641308954384077	0.00186210323728053	-1.8594135257834e-05	-0.000427619359807874
0.000878457612835531	-0.000295833351967769	0.00139267268847486	-0.000102711170953528	0.000291294220614915	1.16914663506414e-05	0.000294290795392051	-0.000652009701742277	-0.00111869366584525	0.000196198816227085	8.51953782225461e-05	0.00032812084398802	0.000318624464415126	7.60193344104118e-05	0.000208889441141674	-0.000554155173548958	0.00025735038964816	0.000321333034407203	-0.000530025347825347	-0.000737352509309138	0.00189402951796412	-8.06065539841357e-05	-0.000481560401100009
0.000887507303676847	-0.000280716514596573	0.0014151552758475	-8.17138282327902e-05	0.000305546359142975	-1.27134116276996e-05	0.000292031586880397	-0.000613910309593867	-0.00110832393967014	0.000158158938184249	0.000113990387118755	0.000318648968644678	0.00035369767036984	2.51754362301585e-05	0.000208298861093617	-0.000515837061966585	0.000270902862392127	0.000257626894627279	-0.000563778873185684	-0.000806106809423333	0.00189179546707968	-9.48424678091822e-05	-0.000467466576471189
0.00083972537974628	-0.000285642868297459	0.0013701764427049	-5.79547871969167e-05	0.000276889920661476	-2.70106936781419e-05	0.000329726973345621	-0.000654304557192571	-0.0011123483743927	0.000166209788269872	0.000116568433071104	0.000297113680010186	0.000331768014515989	3.21898029330965e-05	0.00024706823777805	-0.000569276883819527	0.000306845461515657	0.000327849642171765	-0.000526746750108969	-0.000735439098326116	0.00188897240660104	-7.3934089869568e-05	-0.000501740521081224
0.000785464109762213	-0.000301980741764035	0.00136978484316524	-3.61271414488212e-05	0.000283253901500477	-9.25246110106168e-06	0.000294552532447245	-0.000615667471224415	-0.00109509393884353	0.000232154950982727	9.8367075215463e-05	0.000295958560250126	0.000308009359414434	5.03174348173164e-05	0.000219031990175478	-0.00051137845069567	0.000262359671769327	0.00034422045802022	-0.000519964199275898	-0.00067807400052718	0.00189044680259188	-0.000101567118161673	-0.000509582243939446
0.000835005358426308	-0.000319256487908763	0.00143252284614251	-4.07428097634251e-05	0.00029200530204343	-2.90631504036871e-05	0.000290911146135265	-0.000648648665526988	-0.00108285139536165	0.000149933582843309	0.0001440335646192	0.000266843136733551	0.000331040586008522	2.45672317850661e-05	0.000254760136510987	-0.000555872832568958	0.000304485368866967	0.000320348448637741	-0.000556575257364879	-0.000706789372018635	0.0018391704863587	-6.03569364429089e-05	-0.000535971161088165
0.00093351177028083	-0.000304471178249588	0.00131479204089031	-1.74792856063277e-05	0.000321964017442782	3.27243585051857e-06	0.000321441551788665	-0.000645775166167399	-0.00116241741103808	0.000168073790509317	0.000168850947755788	0.000219726411119597	0.000443543143362085	9.50848847280583e-05	0.000203118377713309	-0.000514884981692859	0.000229668231593125	0.00033124650223709	-0.000518403511253472	-0.000748678716766331	0.00172130087148951	-9.70863619807531e-05	-0.00047655562973669
0.000893649722021487	-0.000279641165364755	0.00139519836866399	-6.85383249586225e-05	0.000266438699105966	-8.74301328036365e-06	0.000309413077520512	-0.000629406509317108	-0.00112573066437874	0.000150456524505277	0.000140152439171431	0.000292662926377021	0.000301167296544	7.58320097804695e-06	0.000223071057461824	-0.000545171886659014	0.000327144604221539	0.000333840603173943	-0.000581475397023245	-0.000687963359288527	0.00186626040690778	-0.000111677966371452	-0.000489464150924065
0.000865326389473657	-0.000313135649599788	0.00133007932647503	-3.61444125589901e-05	0.000269043627336652	-9.45454522958525e-06	0.000276276965621195	-0.000657660733526322	-0.00111145780599852	0.000193390194082405	9.79625245183898e-05	0.000333059197598936	0.000303830770599681	9.54907230965231e-05	0.000254292259444902	-0.000559989441624418	0.000298159404455124	0.00031352996288028	-0.000580987130883466	-0.000719437788156872	0.00190441473268379	-0.000111092220726027	-0.000485829091462149
0.000895012197497181	-0.00025402712980105	0.00139943243782816	-0.000100522032728324	0.00028069878293267	-1.83669075376224e-05	0.000307408404878691	-0.000656449639730141	-0.00110231051399618	0.000150393465565939	9.46658393770746e-05	0.000300681882981164	0.000331189205176075	9.64211671994449e-05	0.000267179339878505	-0.000571146596502779	0.000243857598773849	0.000312067993307343	-0.000547268098372919	-0.000741962556796065	0.00187845494902221	-9.39171427372409e-05	-0.000479461900540537
0.000831348835159143	-0.000319248239693347	0.00145552260349621	-0.000114373013024854	0.000259353054147749	-5.33909752253736e-05	0.00028176303975787	-0.000555393911737126	-0.00105087368764392	0.000152266421034614	0.000133009795812562	0.000333727027126897	0.000323401020542121	2.26173994603268e-05	0.000222181188842438	-0.000529516527029269	0.000266377888375364	0.000320355885067205	-0.000560120990371861	-0.000659119360863805	0.00192249384701136	-0.00010906830103092	-0.000520786151807098
0.000920380351670968	-0.000362879009178051	0.00138027299750203	-1.62431500975952e-05	0.000266575795572698	-6.01243230017601e-05	0.000261984691276281	-0.000635811509509841	-0.00113234210758265	0.000193654702158927	9.24607228047822e-05	0.000261390862381422	0.000319645451638115	4.13798874867977e-05	0.0002637771896327	-0.000547284105155	0.000313837374124066	0.000314629056595915	-0.0005136268540457	-0.000721085430602404	0.00187388783574407	-6.57241780047841e-05	-0.000472219911211192
0.000844529501714939	-0.000305275683889145	0.00139028189847986	-7.58334156053151e-05	0.000288041544915441	-2.02391462234133e-05	0.00029761310192851	-0.00066217379485352	-0.00107715793572546	0.000193514922021883	0.000124585404059513	0.000287444301089109	0.000314819845272055	6.20912539469215e-05	0.000239305026591866	-0.00056323864024004	0.00031053303290136	0.000318094592715067	-0.000562733476048171	-0.000738054445600854	0.00189882271569416	-0.00011232646218512	-0.000495642041249771
0.000826321054574655	-0.000283278270878077	0.00134717197599629	-5.69323122165389e-05	0.000318189509318828	-4.03171423097981e-05	0.0002632440388032	-0.000615020172518692	-0.0011060041404438	0.000152365008288052	0.000157407356546936	0.000250352452995553	0.000309545859033316	7.99654440679456e-05	0.000264863518556075	-0.000494699974671198	0.000273993195333148	0.000311636492851659	-0.000617651741632869	-0.000746444738189408	0.00190583757021283	-9.3997713127438e-05	-0.000455847849559212
0.000871240138655845	-0.000315550989005868	0.00140068715622528	-8.62643553459412e-05	0.000382401128535282	-5.15771219788228e-05	0.000203513232136374	-0.000621525705778064	-0.00113739919352061	0.000195991130656241	0.000197223933639704	0.0002390531284587	0.000346668624190859	-4.88038674728208e-05	0.00022960219883324	-0.000557544064088253	0.000312892460810772	0.000321450807239272	-0.000545945327499478	-0.000734219355403856	0.00188357373260388	-3.40973769830135e-05	-0.000475519159770811
0.000834785942838097	-0.000342511236894539	0.00140136882103784	-0.000118548621450352	0.000295835689070552	-8.93793647625601e-06	0.000275290857900867	-0.000670326797884471	-0.00109718846076125	0.000182733999732696	0.000131896803947497	0.00032094018059263	0.000355598613956878	-7.68376834572257e-06	0.000265074485233626	-0.000580883185739332	0.000291773855912191	0.000419856222917143	-0.000578339232144933	-0.000739552482601699	0.00190110485149753	-9.78912120517732e-05	-0.000481805112783301
0.000868487274705229	-0.000313262098957561	0.00137495976410858	-0.000100383623659411	0.000291675821920656	-1.85289962494804e-05	0.000264818834573928	-0.000649228389218993	-0.00111414162120319	0.000161047452949903	0.000127109128485619	0.000272321735670659	0.000293349825372216	5.13425974281734e-05	0.000261050476598221	-0.000547777606909011	0.000280432561360903	0.00033052909591555	-0.00053920790246594	-0.000693136011148853	0.00189931415080673	-2.91340147001538e-05	-0.000474421901108828
0.000838905383107526	-0.000297309074413789	0.00138710865848105	-7.39880764147351e-05	0.000329447518707784	-5.11353211106111e-05	0.000303366430428863	-0.000702117419518928	-0.0010930948606534	0.000149639177853555	9.30834519607027e-05	0.000310682543230803	0.00032859089114051	5.51066745191627e-05	0.000260935182342484	-0.000559449837563322	0.000310826659079103	0.000323569198050928	-0.000598612427372001	-0.000712130792797716	0.00189249745837206	-4.7712653411497e-05	-0.000515690577696867
0.000810364998185788	-0.00025237467144167	0.0014196646238151	-0.000172706009385608	0.000362210916744855	-3.41267812412314e-05	0.000314364430668945	-0.000603118847697749	-0.00102698961704815	0.000238909595184201	0.000166337184933519	0.00027413338770488	0.000369069219242567	7.87357053852798e-05	0.000265084557774147	-0.000590281304202005	0.000288917188617683	0.00027172072535342	-0.000464278581868723	-0.00125784369362209	0.00218118516247854	-7.39916044968069e-05	-0.000453575026159436
0.000957678659499495	-0.000346600311288648	0.0013755388248034	-1.61435940976744e-05	0.000297879812575433	-2.71078996100332e-05	0.000255431646972425	-0.000635977331791133	-0.00114771025156658	0.000153760929132773	9.23055046531721e-05	0.000295062571514562	0.000413127214805646	-8.95783380522861e-06	0.000261273870201772	-0.000566056795784355	0.000277161677793603	0.000263518727675675	-0.000513434130196401	-0.000755902001532022	0.00193499087166165	-0.0001229599570944	-0.000479374082929165
0.000824595290658801	-0.000296820428165553	0.00138537177715525	-8.02609735760192e-05	0.000298442869412661	-2.63612470567141e-05	0.000325882398842949	-0.000684816980217606	-0.00108610588733847	0.000117008644800659	0.000154637336108589	0.000233114702480324	0.000303967586980221	9.58714102788277e-05	0.000295175738704443	-0.000529307309514624	0.00031549955349998	0.000322010352089559	-0.000540389363492299	-0.000780237959429267	0.00194322762895179	-4.37301383872246e-05	-0.000558034546858969
0.000791329982282911	-0.000403384844219234	0.00143452532060049	-0.000129816082481986	0.000285207049317863	-1.43043298295659e-05	0.000297152935798944	-0.000638192708875552	-0.0010565918424551	0.000141464903000474	0.000149920202428151	0.000297213027241688	0.000381252402623708	3.82696915188272e-05	0.000240216564244369	-0.00054069135865717	0.000295087976195872	0.000352459659179654	-0.000427850424536052	-0.000767456482868513	0.00186786172169698	-0.000141911646874439	-0.000452924889456103
0.000816435644415223	-0.000274812084548769	0.00143547919363546	-0.000130064734909629	0.000305132451858629	-4.61748431437267e-05	0.000273090395429117	-0.000687008963785501	-0.00110384545447728	0.000144266719678895	0.000150528775104023	0.000325289306145003	0.00026625214613091	4.38347825189412e-05	0.000287145869184058	-0.000541064621928665	0.000332515958774383	0.000333735196404278	-0.000523796298091963	-0.000693239810705927	0.00185149128174961	-9.15926881741362e-05	-0.000503136814096717
0.000798811438559314	-0.000257300517105523	0.00144636295950653	-7.68216281661372e-05	0.000311301644586205	-7.7433190297556e-05	0.00026424111507331	-0.000657728733013895	-0.0011613240788832	0.00015782841333175	0.000120645049592047	0.000317753292877272	0.000339095745821881	0.000100293048536707	0.00020030495779452	-0.000460812852707386	0.000284616460169296	0.000331451153653775	-0.00060433843563536	-0.000706274477060566	0.00190681631054768	-7.88289229372818e-05	-0.000492750322892745
0.000856070948046385	-0.000442678737091762	0.00137118992150235	-0.00013160864223113	0.000333142612853455	-1.72389844501009e-05	0.000311448533612657	-0.0005780426619143	-0.00104963044203729	0.000162287335625673	0.000109285468875842	0.000296618231968891	0.000335997816881657	2.02017828396703e-05	0.000300584647628387	-0.000610370835858352	0.000368441901264757	0.000171562299522375	-0.000526472894261871	-0.000714964599666881	0.00187115598041866	1.57841806855445e-05	-0.000566881789799647
0.00085523614270597	-0.000340044319033503	0.00139679357464317	-7.889490834581e-05	0.00028087996580322	-8.36802509075604e-06	0.000311687893878214	-0.000640688521140312	-0.00109265990605159	0.000169250281483724	0.000117421490190589	0.000298324157455233	0.000327855897924063	7.85348594090363e-05	0.000230033950056734	-0.000535122591306748	0.00029473077369009	0.000309496229441876	-0.000528931024971011	-0.00076547406207815	0.00185531657725396	-5.77596228552214e-05	-0.000506895478124442
0.000861927276278061	-0.000330602931373327	0.00135013228655302	-5.96442318514013e-05	0.000286303148426922	-2.13310193098051e-05	0.000283035651701119	-0.00067750041494696	-0.00110409745278971	0.000184368375727814	0.00012964483857472	0.000290787599243438	0.000338355024398515	3.92500321982944e-05	0.000272034161104037	-0.000572931887055225	0.000329048314998172	0.000343503566118245	-0.000540473430784942	-0.000731710659298388	0.00188442447881966	-4.91381592633696e-05	-0.000499377475870093
0.000832799745070719	-0.000284768653072289	0.00138660636978351	-5.72435493684129e-05	0.000280340165858933	-2.95978287148096e-05	0.00030982641460631	-0.000656304245633381	-0.00111648180685441	0.000165458732222853	0.000111204621228249	0.000283625889293947	0.000328973082288417	4.16465475577272e-05	0.00023541195961379	-0.000546739356642412	0.000311425161131566	0.000337026467649874	-0.000541090692114275	-0.0007237542679231	0.00193742551956812	-0.00010067633575591	-0.000488829617421295
0.000885393360837315	-0.000294720138058149	0.00137231576026472	-5.80896988595446e-05	0.000272079010113045	-2.07447154893027e-05	0.000295869609683634	-0.000635952375472495	-0.00106562173893115	0.000190566540801413	0.000180177954094714	0.000271362730525512	0.000346460617516382	-2.10052441303118e-05	0.000212733119727634	-0.000530409441467791	0.000308623454352325	0.000275418340193166	-0.000544521329149542	-0.000706452132208793	0.00189092787435496	-0.000122543269541913	-0.00053212406624811
0.000822044993253505	-0.000285537203994877	0.00135819291857154	-4.75614039949337e-05	0.000312463261394284	-7.36224798162114e-05	0.000274160085868997	-0.000673029060122135	-0.00111429669657265	0.000163273517874215	0.000157524684841144	0.000304945621208529	0.000309840341495573	8.58996572114178e-06	0.000243733497928063	-0.000518416010701835	0.000307716919188493	0.000327159566792607	-0.000534617142498592	-0.000708598281257654	0.00188706037127206	-3.98130303664163e-05	-0.000519051498012628
0.000858090299384637	-0.000326981921222345	0.00143190848275767	-0.000102000375053381	0.000284066766748434	-1.70788331178083e-05	0.000292700887806823	-0.000665439824459951	-0.00112111100273097	0.00016044169881085	0.000131783288209978	0.0002966661281161	0.000321707138309017	2.35031685544488e-05	0.00023311581092926	-0.00047965034836237	0.00028191421204591	0.000378316292712146	-0.000557662271757577	-0.000688439873688381	0.00186462191920889	-7.88369794126077e-05	-0.000493587911665223
0.000823802273335232	-0.000283577859707968	0.00144878738944958	-7.22866961633368e-05	0.000279832576581851	7.04036802686318e-06	0.000286067889641636	-0.000638384458581294	-0.00112887337854837	3.51070696102439e-06	0.000145029004355059	0.00024132116534102	0.000343948677376854	3.56893309679922e-05	0.000223244408197882	-0.000543442138051537	0.000344903415810554	0.00029110959562253	-0.000594611342019228	-0.000680048805034117	0.00193995542061643	-2.98963876660804e-05	-0.000472534385744558
0.000822823673877939	-0.000324165692817393	0.00137659258323463	-4.77267708560704e-05	0.00029036020945445	-4.69001576742076e-05	0.00029807445709109	-0.000661620972852726	-0.00110126587634246	0.000165970911431278	0.000116411513577434	0.000267799660019942	0.000312610058949168	2.99063274232177e-05	0.000250825666278862	-0.000565827371443431	0.000345666055846225	0.000361276974181831	-0.000542206762740648	-0.000714228292553341	0.00186862093204707	-9.0939637599867e-05	-0.000442260129766884
0.00080398411219669	-0.000296500466786165	0.00143859185350058	-6.68309870664671e-05	0.00028635779976152	3.26693778394146e-06	0.000324915830795036	-0.00074592259811823	-0.00106529943211689	0.000171801757059731	0.000162554961535308	0.000333478561421776	0.000271456036940315	1.65975427154167e-05	0.000290561112173288	-0.000571980994590983	0.000155304784135893	0.000310449168563067	-0.000483715174163072	-0.000726388655665463	0.00192756959969922	-0.000105684342565344	-0.000456621179346699
0.000871849676480672	-0.000301367321190091	0.00138040787237998	-7.19829587796434e-05	0.000267489456458497	-1.45301380229107e-05	0.000325580320661711	-0.000626511796535714	-0.00108548196936407	0.000187070045427984	0.000137556039399079	0.000300234616575972	0.000329082089960394	1.8455857506849e-06	0.000245447033051626	-0.000543437187853403	0.000257650597577486	0.000311715934013554	-0.000555915010951083	-0.000751726970895429	0.00187612198821665	-6.55374913277358e-05	-0.000468121889194949
0.000872001921810383	-0.000312648278478266	0.00138197728298602	-7.22041613372603e-05	0.000296716608395464	7.25751971795287e-06	0.000273034325961906	-0.000636576951837205	-0.00110276021265576	0.000196705904986376	0.000142518664424867	0.00029540475927093	0.000325003629383278	2.3547845328878e-05	0.000186678593200427	-0.000545456423771749	0.000277616292396485	0.000298025938845761	-0.000540589057655127	-0.000664261288426884	0.00182627310503358	-7.46100012292809e-05	-0.000498505699838843
0.000627798028892492	-0.000254032505158587	0.00142574401544437	-0.000118874821492851	0.000263444981811518	3.43019260904184e-05	0.000131961834316355	-0.000541291926669948	-0.00113264685262218	0.000181208973594041	0.000167046291266729	0.000253042146954332	0.000294534580464648	0.000181261141939552	0.00026468274346204	-0.000504269924751235	3.25164605663921e-05	0.000386723184971481	-0.000498741115178791	-0.000682869173561704	0.00195819351705168	-0.00015481169560703	-0.000344519818407819
0.000838405106904371	-0.00039349651583209	0.00133903180610138	-4.1497825749343e-05	0.000291697483913586	-2.03605872639192e-05	0.000310258340108549	-0.000649751042481324	-0.00104037927106394	0.000167088149721887	0.00013702297665243	0.000278805263500078	0.000295542534660681	9.69558666406589e-05	0.000270605810132752	-0.000534217868474778	0.000308140352099987	0.000236002032037847	-0.000527858423915558	-0.000716456325844909	0.00188061684301123	-5.9027524476125e-05	-0.00054655789555231
0.000904456679549655	-0.000392572737571634	0.00139155172067823	-5.51472296308257e-06	0.000274337671871699	-2.98674199972069e-07	0.000329008168410789	-0.000572844758208512	-0.00109012582194579	0.000204969602015893	9.40080084858866e-05	0.000289173696419689	0.000332916455658232	2.32427095113202e-05	0.00029766916646414	-0.000552845149533606	0.00017830262887296	0.000300933798851618	-0.000694241212524015	-0.000667710028069773	0.00192267267354915	-6.95591944586367e-05	-0.000491581059950801
0.000860025375414502	-0.000288655925705896	0.00155330345397839	-0.000370990872471222	0.000338879111798408	-8.2546214472566e-05	0.000286572775500424	-0.0005958843058063	-0.0013546969159657	0.00025274390587812	0.000116846025754671	0.00025292188572011	0.000297337720968682	6.70665944848319e-05	0.000240896742175577	-0.000505877117080575	0.000311645436120509	0.00034356844911436	-0.000418104401777181	-0.000646102776281317	0.00188293344282593	-4.34401327859815e-05	-0.000461497452174009
0.000839759573493292	-0.000279404197053579	0.0014506457894629	-6.8326062196267e-05	0.000287342903177416	-1.03822820447413e-05	0.000295674528749904	-0.000616920908701143	-0.00111531342897451	0.000186512412849982	0.000126232102993594	0.000361950445417177	0.000311059861244789	-2.14075829482072e-05	0.000274312440943434	-0.000566099869266225	0.000252522344806753	0.000318252209113739	-0.000666706029603625	-0.00060956043089885	0.00181173773818288	-8.41887936376466e-05	-0.000457760075873677
0.000860955473655854	-0.000372127505657207	0.00138633811169761	-9.71102532028428e-05	0.000258827903181652	-1.19800670324955e-05	0.000287162898258622	-0.000677489406532066	-0.00108101316096176	0.000136389748754716	0.00012813432810348	0.000284763070942622	0.000316819582194261	5.55084288920043e-05	0.000246546619769062	-0.000551731550093261	0.00031349794245407	0.000303685890090165	-0.000513304650327482	-0.000735889463250305	0.00185588951680617	7.38274367771865e-05	-0.00048618153172811
0.000818906785233778	-0.000262960580644721	0.00138912508471175	-8.65384275569495e-05	0.000278560965394424	-1.96803108715348e-05	0.000300770506366359	-0.000636025333536948	-0.00111987759458073	0.000177453872091178	8.35066179192945e-05	0.000289055990765636	0.00032986332006312	6.29660330857056e-05	0.00027287103695694	-0.000541999108609804	0.000283088210012144	0.000328904617386968	-0.00052011466407841	-0.000718001179206823	0.00186477473618953	-6.80191001990962e-05	-0.000511401654050128
0.000874453536597298	-0.000323412594527209	0.00138542963007985	-6.96254934284376e-05	0.000287734124279227	-4.30513604344184e-06	0.000276177769275032	-0.000665445544912631	-0.00110728494321283	0.000161766669275463	0.000138963238980435	0.000287396884189114	0.000336438033078342	5.49353598576028e-05	0.000249506702251226	-0.000533762929487306	0.00030624035369402	0.000322956686267132	-0.000554210752171588	-0.000732774111481976	0.0019105848715884	-0.000108600080662675	-0.000495692084941204
0.000888473460300587	-0.000335804203355579	0.00136510177971182	-7.06904365946246e-05	0.0002970600363907	-2.98070313587861e-05	0.000279888652600959	-0.000637836738981294	-0.00109822540708818	0.000166317357638759	0.000165888861406273	0.000287532760617109	0.000326067964086838	4.20887112354933e-05	0.000217211368625889	-0.000524745301550031	0.000277751932059235	0.000320803425330147	-0.000553735185804725	-0.000717543786586462	0.00191563851251602	-0.000102697255574446	-0.000486681781468832
0.000662068690394333	-0.000242437495170531	0.00139753670847832	3.23433430337626e-05	0.000139569029009304	4.11803857085892e-05	0.000305862796098919	-0.000600625724386449	-0.00110065255921588	0.000147836766296008	0.000108401558622196	0.000308117150210377	0.000370865859646309	3.7817374203185e-05	0.000303681589112538	-0.000549057417292621	0.000273099991836679	0.000383354753073212	-0.000731308822327507	-0.00080411749233871	0.00187419122770785	3.30088725470932e-05	-0.000522497453730326
0.000690487894926974	-0.000223310426400582	0.00138319412104018	-0.000275443080921218	0.000300659241796502	-0.000317363757495732	0.000242936053202599	-0.000903952263441591	-0.000940499115435831	8.89065546366726e-05	3.31306127469686e-05	0.000436724485751457	6.43285065160977e-05	0.000382913726933807	8.35614004899164e-05	-0.000742241614995224	0.000430142801796003	0.000476859958076366	-0.000379662332633047	-0.000570266944548668	0.00199973061541489	-1.72543471029934e-05	-0.000472528427446465
0.000812737205038403	-0.00030078617874704	0.00139353357980067	-6.03263306198378e-05	0.000272710109346384	-8.45715568147763e-06	0.0002685376152122	-0.000642221975257987	-0.00110906634597916	0.000149271779310585	0.000157021869354801	0.000310480397697479	0.000291750310848329	3.22211422539929e-05	0.00022281574844492	-0.00053339237817024	0.000291885902195034	0.000331512043150657	-0.000556708718738947	-0.00072236820456124	0.00190925554798471	-8.14212375578395e-05	-0.000489662227484205
